VOC2007/JPEGImages/000150.jpg 578,299,686,658,1 756,195,804,325,1
VOC2007/JPEGImages/0002099.jpg 582,13,679,280,0 854,47,986,371,0
VOC2007/JPEGImages/000509.jpg 267,396,512,985,1
VOC2007/JPEGImages/0001090.jpg 265,166,313,282,1 84,184,134,320,1
VOC2007/JPEGImages/000325.jpg 433,318,560,681,1 553,304,643,424,1 1,319,147,691,2
VOC2007/JPEGImages/0001968.jpg 263,190,385,431,0 467,143,577,326,0
VOC2007/JPEGImages/000678.jpg 93,179,140,325,2 322,165,363,287,3
VOC2007/JPEGImages/000133.jpg 271,317,415,651,1 701,243,786,491,1
VOC2007/JPEGImages/000261.jpg 193,294,317,581,2 317,321,440,688,1 777,241,820,414,1 817,234,873,404,1
VOC2007/JPEGImages/000896.jpg 36,182,94,304,1 112,171,165,298,1
VOC2007/JPEGImages/0001991.jpg 51,234,144,434,0 1036,137,1167,451,1
VOC2007/JPEGImages/000485.jpg 312,374,587,1004,1 462,288,598,632,1
VOC2007/JPEGImages/000804.jpg 347,161,385,271,2 412,145,440,217,0
VOC2007/JPEGImages/000163.jpg 578,362,771,869,1
VOC2007/JPEGImages/0001917.jpg 289,171,388,354,0 563,189,696,506,0
VOC2007/JPEGImages/000090.jpg 378,160,485,445,0 511,134,601,333,0 596,127,684,368,0 828,148,910,346,0
VOC2007/JPEGImages/000461.jpg 323,288,467,618,1
VOC2007/JPEGImages/000109.jpg 605,148,666,322,0 711,101,769,288,0 864,106,931,289,0
VOC2007/JPEGImages/000343.jpg 693,214,733,334,1 287,324,437,698,1 313,254,380,394,2 33,284,180,564,2
VOC2007/JPEGImages/000263.jpg 293,314,407,651,1 227,264,300,491,1 817,241,867,418,1 780,251,827,411,1 67,295,197,588,2
VOC2007/JPEGImages/0002035.jpg 304,179,381,343,3 580,159,687,414,3
VOC2007/JPEGImages/000761.jpg 38,175,81,304,2
VOC2007/JPEGImages/000638.jpg 130,163,176,277,3 187,165,223,275,2
VOC2007/JPEGImages/000627.jpg 76,170,122,277,1 267,171,307,292,2 227,185,293,357,3
VOC2007/JPEGImages/000383.jpg 229,471,534,1207,1 376,290,531,601,1
VOC2007/JPEGImages/0001551.jpg 7,153,106,357,1 349,137,415,314,1 194,151,273,333,1
VOC2007/JPEGImages/000861.jpg 137,184,201,359,0 105,170,146,293,2
VOC2007/JPEGImages/000831.jpg 135,210,210,469,2 276,162,345,298,0
VOC2007/JPEGImages/000309.jpg 163,278,260,518,1 677,224,713,338,1 1,409,127,1051,2
VOC2007/JPEGImages/0001092.jpg 234,168,271,291,1 13,182,75,320,1
VOC2007/JPEGImages/000227.jpg 1,457,117,1078,1 440,364,617,938,1 477,311,603,544,1 697,198,740,294,1 837,238,880,388,1 857,234,910,418,1 903,231,960,391,1
VOC2007/JPEGImages/000736.jpg 350,172,400,309,2 234,156,270,244,3
VOC2007/JPEGImages/000797.jpg 314,149,342,226,0 352,182,408,339,2
VOC2007/JPEGImages/0002077.jpg 951,50,1096,385,0 403,3,512,240,0
VOC2007/JPEGImages/000484.jpg 467,371,634,965,1 409,301,529,624,1
VOC2007/JPEGImages/000078.jpg 319,189,402,401,0 434,175,515,394,0 576,233,670,491,0 611,169,683,373,0 899,136,952,305,1
VOC2007/JPEGImages/000092.jpg 411,197,546,548,0 507,213,598,494,0 590,149,682,441,0 694,114,771,338,0
VOC2007/JPEGImages/000756.jpg 323,181,396,351,3 105,165,150,279,2
VOC2007/JPEGImages/000641.jpg 114,158,135,208,1 139,165,176,263,3 192,160,229,261,2
VOC2007/JPEGImages/000321.jpg 1,405,83,781,1 377,291,490,621,1 720,471,950,844,1
VOC2007/JPEGImages/0001036.jpg 193,165,227,268,1 325,164,347,252,1 336,167,377,290,2
VOC2007/JPEGImages/000120.jpg 249,307,405,640,1
VOC2007/JPEGImages/000863.jpg 134,193,203,379,0 80,175,132,302,0
VOC2007/JPEGImages/000871.jpg 140,174,212,313,2 311,192,381,381,3
VOC2007/JPEGImages/000982.jpg 315,160,351,267,1 4,208,66,440,2
VOC2007/JPEGImages/000846.jpg 317,171,353,287,2 263,203,366,451,0 183,142,197,178,1
VOC2007/JPEGImages/000237.jpg 1,306,120,634,1 443,438,670,1091,1 527,254,607,471,1 497,251,553,461,1 763,251,817,421,1 817,241,873,404,1
VOC2007/JPEGImages/000673.jpg 305,162,341,259,3 157,168,193,291,2
VOC2007/JPEGImages/000545.jpg 537,579,1009,1785,1
VOC2007/JPEGImages/0002315.jpg 173,187,272,422,0 1009,85,1138,378,0 422,189,528,438,0
VOC2007/JPEGImages/000501.jpg 295,301,473,729,1
VOC2007/JPEGImages/000262.jpg 137,288,263,588,2 310,331,427,674,1 250,274,313,494,1 777,248,823,401,1 813,238,877,401,1
VOC2007/JPEGImages/000960.jpg 131,210,204,404,1 287,173,345,310,2
VOC2007/JPEGImages/000850.jpg 365,193,450,399,0 246,163,289,288,2
VOC2007/JPEGImages/000175.jpg 221,271,307,471,1 293,382,483,985,1
VOC2007/JPEGImages/000931.jpg 276,177,316,289,1 249,173,283,313,2
VOC2007/JPEGImages/000768.jpg 181,192,240,361,1
VOC2007/JPEGImages/000842.jpg 353,182,406,344,2 187,188,242,410,0 203,141,221,184,1
VOC2007/JPEGImages/000580.jpg 45,213,114,425,1
VOC2007/JPEGImages/000252.jpg 147,431,387,1044,1 287,281,363,494,1 220,274,293,468,1 703,264,797,411,1 803,241,870,408,1 500,278,610,598,2
VOC2007/JPEGImages/000573.jpg 531,326,723,826,1 667,354,815,785,1
VOC2007/JPEGImages/0001023.jpg 344,191,406,379,2 211,180,261,312,1 112,195,180,389,1
VOC2007/JPEGImages/000550.jpg 279,479,581,1271,1
VOC2007/JPEGImages/000824.jpg 67,190,132,349,2 275,159,330,279,0 340,149,359,207,1
VOC2007/JPEGImages/0002280.jpg 230,213,354,468,0 791,87,905,333,0
VOC2007/JPEGImages/000221.jpg 857,244,907,401,1 830,254,890,401,1 657,208,703,321,1 470,284,590,591,1 1,362,117,781,1
VOC2007/JPEGImages/0002023.jpg 392,154,495,350,0 579,170,721,447,0
VOC2007/JPEGImages/000539.jpg 192,354,445,965,1
VOC2007/JPEGImages/000388.jpg 154,413,431,943,1 204,304,342,563,1 4,276,81,504,1
VOC2007/JPEGImages/000146.jpg 638,343,797,776,1 734,206,801,336,1
VOC2007/JPEGImages/000964.jpg 192,239,306,527,1 356,211,429,453,1
VOC2007/JPEGImages/000004.jpg 968,59,1111,436,0
VOC2007/JPEGImages/000961.jpg 106,217,205,431,1 321,167,365,302,2
VOC2007/JPEGImages/000676.jpg 120,175,165,302,2 304,162,350,272,3
VOC2007/JPEGImages/000490.jpg 79,451,451,1274,1 517,265,648,535,1
VOC2007/JPEGImages/000701.jpg 348,177,393,332,2
VOC2007/JPEGImages/000619.jpg 1,205,65,372,1 253,178,305,315,1 251,221,350,494,3
VOC2007/JPEGImages/000467.jpg 92,321,287,704,1
VOC2007/JPEGImages/000707.jpg 300,164,340,287,2
VOC2007/JPEGImages/000330.jpg 290,291,407,611,2 670,324,817,804,1 863,241,927,394,1 757,201,790,281,1 687,244,737,328,1
VOC2007/JPEGImages/0001037.jpg 342,171,383,287,2 198,164,235,263,1 341,165,354,275,1
VOC2007/JPEGImages/000124.jpg 1,430,197,1002,1 689,317,834,706,1 767,258,838,465,1
VOC2007/JPEGImages/0001019.jpg 357,201,448,426,2 224,196,277,371,1 95,220,197,464,1
VOC2007/JPEGImages/000097.jpg 506,154,617,406,0 345,213,461,478,0 35,243,222,687,0
VOC2007/JPEGImages/000562.jpg 251,426,537,1132,1
VOC2007/JPEGImages/0002189.jpg 456,40,593,306,0 893,173,1082,561,0 739,1,876,266,0
VOC2007/JPEGImages/0001101.jpg 290,187,329,375,1 255,182,298,328,1
VOC2007/JPEGImages/0002056.jpg 224,217,347,479,0 629,121,737,363,1 964,97,1077,323,1
VOC2007/JPEGImages/000259.jpg 290,334,437,738,1 233,274,300,481,1 820,234,877,398,1 777,241,820,411,1
VOC2007/JPEGImages/000956.jpg 179,175,237,331,2 333,204,400,405,1
VOC2007/JPEGImages/000952.jpg 111,198,186,395,2
VOC2007/JPEGImages/000912.jpg 302,172,338,268,1 346,173,392,308,2
VOC2007/JPEGImages/000640.jpg 136,164,177,266,3 188,162,226,261,2 126,162,149,201,1
VOC2007/JPEGImages/000404.jpg 348,388,615,1001,1
VOC2007/JPEGImages/0001099.jpg 333,182,389,337,1 238,187,297,358,1
VOC2007/JPEGImages/0002051.jpg 183,206,284,387,1 604,135,703,374,0
VOC2007/JPEGImages/000488.jpg 9,390,295,1090,1 551,274,676,579,1
VOC2007/JPEGImages/0001511.jpg 17,182,143,425,1 46,75,169,246,1 203,30,332,482,1
VOC2007/JPEGImages/000690.jpg 421,211,480,469,3 72,224,146,482,2
VOC2007/JPEGImages/0001547.jpg 49,30,144,250,1
VOC2007/JPEGImages/000940.jpg 236,178,273,296,1 310,199,388,433,2
VOC2007/JPEGImages/000874.jpg 169,173,223,300,2 219,190,288,363,3
VOC2007/JPEGImages/000521.jpg 481,540,959,1646,1
VOC2007/JPEGImages/000296.jpg 387,288,490,571,1 560,261,650,538,1 197,298,307,611,2
VOC2007/JPEGImages/0002028.jpg 231,193,341,390,0 797,159,943,482,0
VOC2007/JPEGImages/000164.jpg 652,369,864,906,1
VOC2007/JPEGImages/0001057.jpg 236,172,283,307,2 334,177,394,336,1 78,198,140,383,1
VOC2007/JPEGImages/000503.jpg 406,332,579,757,1
VOC2007/JPEGImages/000872.jpg 153,175,213,308,2 277,188,357,372,3
VOC2007/JPEGImages/000003.jpg 811,65,921,452,0
VOC2007/JPEGImages/000906.jpg 252,179,313,317,2 180,177,222,294,1
VOC2007/JPEGImages/000034.jpg 438,41,593,363,3
VOC2007/JPEGImages/000128.jpg 1,361,141,776,1 630,269,749,580,1
VOC2007/JPEGImages/000626.jpg 70,177,111,286,1 251,185,308,365,3
VOC2007/JPEGImages/0002269.jpg 751,105,866,354,0
VOC2007/JPEGImages/000430.jpg 198,335,362,713,1 301,288,420,590,1
VOC2007/JPEGImages/000308.jpg 1,401,133,951,2 147,274,233,518,1 673,231,710,344,1
VOC2007/JPEGImages/0001578.jpg 294,25,402,219,1
VOC2007/JPEGImages/000531.jpg 726,407,995,1104,1
VOC2007/JPEGImages/0001103.jpg 327,193,385,387,1 191,184,249,328,1
VOC2007/JPEGImages/000943.jpg 277,183,320,242,1 272,237,345,538,2
VOC2007/JPEGImages/0001513.jpg 18,132,145,499,1
VOC2007/JPEGImages/000574.jpg 277,209,354,426,1
VOC2007/JPEGImages/000582.jpg 31,204,111,395,1
VOC2007/JPEGImages/0001006.jpg 166,177,200,326,2
VOC2007/JPEGImages/000171.jpg 107,282,204,516,1 738,502,1062,1485,1
VOC2007/JPEGImages/000077.jpg 844,136,894,295,1 717,210,805,441,0 425,173,483,358,0 324,201,426,452,0 270,177,345,380,0
VOC2007/JPEGImages/000995.jpg 174,178,240,344,1
VOC2007/JPEGImages/0001297.jpg 1,2,41,82,1
VOC2007/JPEGImages/000353.jpg 357,251,447,504,2 500,251,630,534,2 693,214,737,318,1
VOC2007/JPEGImages/000320.jpg 1,400,113,818,1 383,301,487,604,1 867,764,1080,1215,1
VOC2007/JPEGImages/0001916.jpg 233,171,320,355,0 800,141,917,414,0
VOC2007/JPEGImages/0001718.jpg 3,7,55,107,1
VOC2007/JPEGImages/000660.jpg 316,160,349,259,2 359,154,389,229,3
VOC2007/JPEGImages/000538.jpg 217,357,462,913,1
VOC2007/JPEGImages/000893.jpg 190,172,232,293,1
VOC2007/JPEGImages/0001524.jpg 135,143,228,324,1 348,125,422,314,1
VOC2007/JPEGImages/000151.jpg 538,306,675,651,1 764,206,815,321,1
VOC2007/JPEGImages/000505.jpg 342,357,526,804,1
VOC2007/JPEGImages/000793.jpg 193,159,229,272,0
VOC2007/JPEGImages/000749.jpg 256,171,300,285,3
VOC2007/JPEGImages/000491.jpg 209,438,540,1282,1 445,274,579,532,1
VOC2007/JPEGImages/000337.jpg 247,271,370,558,2 180,314,323,681,2 590,331,730,788,1 710,224,760,348,1
VOC2007/JPEGImages/0001962.jpg 511,142,613,354,0
VOC2007/JPEGImages/000997.jpg 375,188,452,390,2 172,188,248,374,1
VOC2007/JPEGImages/000271.jpg 240,278,313,494,1 357,328,503,711,1 747,244,793,421,1
VOC2007/JPEGImages/000256.jpg 267,384,427,838,1 223,271,287,481,1 770,244,823,408,1 810,231,870,401,1 480,274,610,561,2
VOC2007/JPEGImages/0001989.jpg 229,217,351,478,0 1029,91,1125,325,1
VOC2007/JPEGImages/0001986.jpg 704,147,847,439,0 551,130,664,325,1
VOC2007/JPEGImages/000172.jpg 135,282,214,506,1 583,454,866,1292,1
VOC2007/JPEGImages/000548.jpg 570,571,920,1590,1
VOC2007/JPEGImages/000883.jpg 123,174,162,275,1 325,194,387,396,3
VOC2007/JPEGImages/000202.jpg 1,354,141,808,1 108,297,226,578,1 89,263,141,438,1 560,338,738,852,1 864,238,912,397,1 834,249,893,415,1
VOC2007/JPEGImages/000556.jpg 348,349,490,846,1
VOC2007/JPEGImages/000967.jpg 245,194,307,381,1 315,174,369,310,2
VOC2007/JPEGImages/0001567.jpg 1,97,144,375,1 326,77,475,374,1 150,12,328,373,1
VOC2007/JPEGImages/000043.jpg 320,23,420,328,1
VOC2007/JPEGImages/0001050.jpg 120,183,170,311,1 309,167,347,278,1 227,165,261,271,2
VOC2007/JPEGImages/000282.jpg 230,268,297,471,1 773,344,947,858,1 747,251,807,404,1 840,238,887,334,1 70,284,147,521,1
VOC2007/JPEGImages/000058.jpg 506,71,601,296,0 691,46,773,290,0 765,70,833,246,0 902,37,988,241,0
VOC2007/JPEGImages/0001538.jpg 159,209,235,375,1 415,209,480,375,1 313,209,389,375,1
VOC2007/JPEGImages/000363.jpg 407,301,577,731,2 143,308,253,658,2 3,318,163,658,1
VOC2007/JPEGImages/000703.jpg 353,172,400,310,2
VOC2007/JPEGImages/000326.jpg 30,314,153,668,2 467,321,590,704,1 573,298,653,398,1
VOC2007/JPEGImages/0002047.jpg 156,243,276,493,2 331,153,417,330,0
VOC2007/JPEGImages/0001715.jpg 12,7,173,509,1
VOC2007/JPEGImages/0002016.jpg 167,190,263,390,0 1037,79,1127,314,0
VOC2007/JPEGImages/000567.jpg 548,749,1038,1920,1 892,404,1080,1107,1
VOC2007/JPEGImages/000916.jpg 363,169,425,309,2 300,165,336,264,1
VOC2007/JPEGImages/000143.jpg 726,376,945,921,1 749,214,801,347,1
VOC2007/JPEGImages/0001079.jpg 321,231,414,502,1 310,172,349,277,1
VOC2007/JPEGImages/000787.jpg 156,172,213,328,0
VOC2007/JPEGImages/000468.jpg 84,329,240,732,1
VOC2007/JPEGImages/000935.jpg 1,236,93,496,1 171,176,238,287,1 294,181,363,343,2
VOC2007/JPEGImages/0001536.jpg 48,59,133,305,1 1,75,33,172,1 29,72,60,150,1 370,133,437,236,1
VOC2007/JPEGImages/000028.jpg 586,31,736,370,3
VOC2007/JPEGImages/000794.jpg 197,159,233,269,0
VOC2007/JPEGImages/000412.jpg 320,371,515,943,1
VOC2007/JPEGImages/000938.jpg 81,304,242,637,1 201,177,244,283,1 298,190,377,382,2
VOC2007/JPEGImages/000530.jpg 601,396,940,1176,1
VOC2007/JPEGImages/000957.jpg 278,205,352,392,1 203,179,262,324,2
VOC2007/JPEGImages/000065.jpg 233,182,308,385,0 379,212,482,513,0 596,209,663,415,0 757,169,833,419,0 481,145,523,291,1
VOC2007/JPEGImages/0001542.jpg 76,36,223,500,1
VOC2007/JPEGImages/000902.jpg 161,179,207,317,2
VOC2007/JPEGImages/000570.jpg 667,357,856,915,1 865,401,1020,929,1
VOC2007/JPEGImages/000429.jpg 251,335,420,726,1 306,276,412,557,1
VOC2007/JPEGImages/000665.jpg 298,160,337,276,2 385,152,416,237,3
VOC2007/JPEGImages/0001561.jpg 104,42,202,224,1 271,47,372,318,1
VOC2007/JPEGImages/000026.jpg 255,11,389,291,3
VOC2007/JPEGImages/000837.jpg 233,146,251,185,1 240,172,297,341,0 386,199,465,424,2
VOC2007/JPEGImages/0001931.jpg 323,181,408,395,0 628,182,772,497,0
VOC2007/JPEGImages/0001723.jpg 7,7,50,138,1
VOC2007/JPEGImages/0001061.jpg 117,226,195,451,1 231,187,285,344,1 425,205,480,432,1
VOC2007/JPEGImages/000578.jpg 104,219,206,447,1
VOC2007/JPEGImages/000299.jpg 243,304,347,648,2 307,278,397,551,1 443,291,557,571,1 573,244,630,388,1
VOC2007/JPEGImages/0002092.jpg 537,3,633,257,0 680,184,903,591,0
VOC2007/JPEGImages/000079.jpg 936,134,1002,310,1 737,167,830,383,0 481,230,575,484,0 505,175,592,407,0 358,178,434,373,0
VOC2007/JPEGImages/000991.jpg 236,168,289,311,1
VOC2007/JPEGImages/000708.jpg 266,163,320,290,2
VOC2007/JPEGImages/000122.jpg 1,489,212,1176,1 541,262,675,473,1 752,336,952,817,1
VOC2007/JPEGImages/000989.jpg 279,167,334,300,1
VOC2007/JPEGImages/0002043.jpg 17,233,116,449,0 952,150,1088,499,1
VOC2007/JPEGImages/000191.jpg 259,368,455,851,1 562,271,676,561,1 876,244,935,385,1
VOC2007/JPEGImages/0002296.jpg 236,214,392,498,0 1016,71,1147,343,0
VOC2007/JPEGImages/000368.jpg 676,307,870,860,2 15,332,190,785,2 159,307,317,682,1
VOC2007/JPEGImages/0001010.jpg 229,186,280,350,2
VOC2007/JPEGImages/000994.jpg 170,177,246,334,1
VOC2007/JPEGImages/000255.jpg 257,371,420,854,1 750,244,803,398,1 813,234,873,404,1 237,278,303,468,1 520,281,627,561,2
VOC2007/JPEGImages/000199.jpg 1,421,134,904,1 101,312,226,649,1 634,304,778,730,1 849,249,904,404,1 897,241,934,389,1
VOC2007/JPEGImages/000473.jpg 362,321,542,804,1 801,449,1073,1151,1
VOC2007/JPEGImages/000229.jpg 767,238,820,438,1 820,241,873,424,1 863,238,910,398,1 480,318,620,738,1 263,348,443,834,1 160,441,393,1071,1
VOC2007/JPEGImages/0001548.jpg 258,1,439,373,1
VOC2007/JPEGImages/000440.jpg 629,307,801,824,1
VOC2007/JPEGImages/0002352.jpg 672,154,824,508,0 865,101,955,370,0 952,129,1084,449,0
VOC2007/JPEGImages/0002078.jpg 363,35,493,335,0 992,106,1137,484,0
VOC2007/JPEGImages/000134.jpg 326,325,467,662,1 693,243,797,476,1
VOC2007/JPEGImages/0001970.jpg 244,177,324,355,0 337,201,448,498,0
VOC2007/JPEGImages/000962.jpg 129,223,203,454,1 349,169,395,300,2
VOC2007/JPEGImages/000115.jpg 157,217,230,439,1
VOC2007/JPEGImages/000339.jpg 77,304,193,654,2 280,261,370,544,2 463,338,597,771,1 697,234,747,354,1
VOC2007/JPEGImages/000408.jpg 148,293,317,624,1
VOC2007/JPEGImages/0001543.jpg 111,19,204,297,1 350,159,470,375,1
VOC2007/JPEGImages/0001523.jpg 244,190,311,298,1
VOC2007/JPEGImages/0001301.jpg 1,1,115,276,1
VOC2007/JPEGImages/0001988.jpg 349,213,495,494,0 860,94,967,323,1
VOC2007/JPEGImages/0001555.jpg 157,31,268,375,1
VOC2007/JPEGImages/000100.jpg 640,132,723,360,0 722,155,833,510,0 856,154,934,368,0
VOC2007/JPEGImages/0002010.jpg 656,155,781,450,1
VOC2007/JPEGImages/000683.jpg 333,168,391,329,3 3,196,60,378,2
VOC2007/JPEGImages/000168.jpg 276,444,531,1064,1
VOC2007/JPEGImages/000987.jpg 292,219,399,458,2 320,165,366,222,1
VOC2007/JPEGImages/000156.jpg 345,288,441,554,1 823,195,878,288,1
VOC2007/JPEGImages/000186.jpg 273,285,404,561,1 576,316,717,695,1 945,240,1017,382,1 790,182,842,258,1
VOC2007/JPEGImages/0001984.jpg 344,166,444,343,3 643,143,760,391,3
VOC2007/JPEGImages/000049.jpg 356,1,468,242,1 494,6,648,272,3
VOC2007/JPEGImages/000630.jpg 102,170,139,260,1 23,284,185,635,1 267,167,316,290,2 160,179,220,334,3
VOC2007/JPEGImages/000179.jpg 24,344,228,813,1 362,261,455,478,1
VOC2007/JPEGImages/000235.jpg 47,311,173,661,1 477,401,673,968,1 770,251,817,418,1 840,241,897,381,1 597,268,663,454,1 560,244,623,448,1
VOC2007/JPEGImages/000834.jpg 301,168,351,292,0 281,221,383,458,2
VOC2007/JPEGImages/000876.jpg 188,194,238,370,3
VOC2007/JPEGImages/000554.jpg 240,357,465,913,1
VOC2007/JPEGImages/0001965.jpg 116,205,221,413,0 924,94,1031,327,0
VOC2007/JPEGImages/0002297.jpg 144,220,270,480,0 887,87,980,322,0
VOC2007/JPEGImages/0001975.jpg 383,166,496,383,0 912,106,1027,367,0
VOC2007/JPEGImages/000068.jpg 237,187,322,407,0 340,232,421,466,0 590,184,659,428,0 712,176,788,425,0 477,148,519,292,1
VOC2007/JPEGImages/0001990.jpg 120,219,236,454,0 1093,97,1209,370,1
VOC2007/JPEGImages/000689.jpg 11,225,113,487,2 388,202,476,448,3
VOC2007/JPEGImages/000833.jpg 220,216,319,477,2 302,165,356,318,0
VOC2007/JPEGImages/000764.jpg 96,179,152,325,2
VOC2007/JPEGImages/000084.jpg 479,124,552,316,0 574,152,675,422,0 743,140,848,430,0
VOC2007/JPEGImages/000887.jpg 175,174,207,266,1
VOC2007/JPEGImages/000586.jpg 97,195,153,349,1
VOC2007/JPEGImages/000230.jpg 850,238,913,391,1 477,328,623,764,1 247,434,490,1034,1 190,341,323,801,1 717,248,797,448,1 780,258,837,454,1
VOC2007/JPEGImages/000445.jpg 259,318,429,763,1
VOC2007/JPEGImages/000214.jpg 867,251,907,408,1 833,251,893,401,1 580,228,633,358,1 400,294,513,594,1 213,291,327,571,1
VOC2007/JPEGImages/000674.jpg 143,170,190,294,2 299,156,342,268,3
VOC2007/JPEGImages/000439.jpg 637,301,806,782,1
VOC2007/JPEGImages/000119.jpg 206,279,345,635,1
VOC2007/JPEGImages/000710.jpg 330,210,433,459,3 214,163,263,289,2
VOC2007/JPEGImages/000272.jpg 237,271,307,491,1 410,338,550,734,1 740,251,787,414,1
VOC2007/JPEGImages/000802.jpg 349,165,386,284,2 394,147,419,222,0
VOC2007/JPEGImages/000017.jpg 544,1,653,207,0
VOC2007/JPEGImages/000510.jpg 367,421,634,993,1
VOC2007/JPEGImages/000621.jpg 212,206,305,443,3 14,191,83,333,1
VOC2007/JPEGImages/000937.jpg 294,188,363,377,2 191,174,238,287,1 38,273,198,627,1
VOC2007/JPEGImages/0001298.jpg 4,4,34,117,1
VOC2007/JPEGImages/0001928.jpg 337,178,437,399,3 943,103,1056,366,0
VOC2007/JPEGImages/000062.jpg 639,91,770,409,0 880,17,934,208,0 1108,24,1201,277,0 1164,56,1240,254,0
VOC2007/JPEGImages/000541.jpg 217,385,529,1068,1
VOC2007/JPEGImages/000990.jpg 264,173,308,303,1
VOC2007/JPEGImages/0001039.jpg 217,166,251,261,1 342,166,382,287,2
VOC2007/JPEGImages/000568.jpg 792,371,1012,1057,1 995,438,1079,990,1
VOC2007/JPEGImages/0002362.jpg 128,215,249,463,0 400,142,494,364,0 1000,96,1142,399,0
VOC2007/JPEGImages/000933.jpg 226,177,265,288,1 264,177,319,318,2
VOC2007/JPEGImages/0001518.jpg 137,142,301,500,1 140,165,172,253,1 308,162,340,250,1 285,164,317,252,1 48,170,61,208,1 122,168,136,203,1
VOC2007/JPEGImages/0001914.jpg 337,169,433,359,0 1175,74,1271,331,0
VOC2007/JPEGImages/000129.jpg 4,325,167,747,1 626,258,749,558,1
VOC2007/JPEGImages/0002039.jpg 436,195,556,511,3 789,110,883,315,1
VOC2007/JPEGImages/0001556.jpg 50,15,167,355,1
VOC2007/JPEGImages/000055.jpg 277,322,366,542,1
VOC2007/JPEGImages/000444.jpg 729,407,1004,1124,1 15,385,298,996,1
VOC2007/JPEGImages/000847.jpg 176,141,190,176,1 299,169,329,295,2 306,203,397,455,0
VOC2007/JPEGImages/000923.jpg 175,173,219,281,1 293,177,354,341,2
VOC2007/JPEGImages/000312.jpg 1,452,203,1168,2 240,281,337,531,1 683,221,717,324,1
VOC2007/JPEGImages/0001978.jpg 220,182,309,377,0 413,213,556,487,0
VOC2007/JPEGImages/000104.jpg 514,135,587,372,0 612,166,734,470,0 818,147,891,357,0
VOC2007/JPEGImages/0001711.jpg 2,3,51,137,1
VOC2007/JPEGImages/000253.jpg 210,398,400,968,1 727,244,803,401,1 803,228,877,418,1 540,278,637,578,2
VOC2007/JPEGImages/000489.jpg 17,396,309,1157,1 548,271,670,571,1
VOC2007/JPEGImages/000047.jpg 1017,24,1155,349,1
VOC2007/JPEGImages/0001064.jpg 212,264,318,571,1 286,195,363,380,1
VOC2007/JPEGImages/000492.jpg 390,488,656,1326,1 392,268,515,563,1
VOC2007/JPEGImages/0001927.jpg 805,109,920,342,0 294,197,428,439,3
VOC2007/JPEGImages/0001576.jpg 63,6,236,446,1
VOC2007/JPEGImages/000357.jpg 380,268,473,631,2 340,268,403,534,2
VOC2007/JPEGImages/0001018.jpg 390,200,480,425,2 225,200,292,391,1 102,225,193,494,1
VOC2007/JPEGImages/000900.jpg 110,176,148,315,2 140,183,175,305,1
VOC2007/JPEGImages/000950.jpg 90,213,200,447,2 415,210,480,426,1
VOC2007/JPEGImages/000094.jpg 522,137,604,355,0 748,161,834,383,0 895,108,977,355,0 1011,129,1093,422,0
VOC2007/JPEGImages/0001026.jpg 111,186,172,353,1 237,176,273,291,1 340,186,390,355,2
VOC2007/JPEGImages/0001993.jpg 589,222,740,553,1 47,203,135,405,0
VOC2007/JPEGImages/000210.jpg 587,471,890,1254,1 107,301,233,621,1 413,281,507,531,1 510,228,570,381,1 830,241,893,411,1 857,234,910,401,1
VOC2007/JPEGImages/000158.jpg 286,288,389,528,1 834,199,882,276,1
VOC2007/JPEGImages/000518.jpg 48,599,517,1646,1
VOC2007/JPEGImages/000979.jpg 273,164,313,272,1
VOC2007/JPEGImages/0002059.jpg 952,163,1152,605,0 203,185,321,406,1
VOC2007/JPEGImages/0001974.jpg 520,149,636,387,0 777,111,883,325,0
VOC2007/JPEGImages/0001720.jpg 2,3,71,230,1
VOC2007/JPEGImages/000926.jpg 233,175,270,309,1 275,175,317,297,1
VOC2007/JPEGImages/0001942.jpg 245,183,373,399,2 1025,105,1131,366,3
VOC2007/JPEGImages/000958.jpg 221,204,300,390,1
VOC2007/JPEGImages/000365.jpg 37,324,167,658,1 117,314,257,681,2 493,301,650,731,2
VOC2007/JPEGImages/0001291.jpg 2,1,37,102,1
VOC2007/JPEGImages/0002338.jpg 735,113,854,405,3 189,199,317,428,0 40,242,168,471,0
VOC2007/JPEGImages/000219.jpg 860,251,907,394,1 833,251,893,398,1 640,214,683,331,1 430,281,543,568,1 67,331,217,711,1
VOC2007/JPEGImages/0001280.jpg 11,7,155,382,1
VOC2007/JPEGImages/000422.jpg 270,424,495,1018,1 437,251,531,526,1
VOC2007/JPEGImages/0002301.jpg 430,173,546,443,0 553,126,663,349,0
VOC2007/JPEGImages/000544.jpg 365,507,779,1551,1
VOC2007/JPEGImages/000942.jpg 283,225,365,502,2 265,181,303,304,1
VOC2007/JPEGImages/000474.jpg 465,310,623,801,1 648,426,901,1088,1
VOC2007/JPEGImages/0001041.jpg 236,161,264,252,1 311,170,340,268,1 342,165,382,287,2
VOC2007/JPEGImages/0001997.jpg 452,143,535,334,0 27,257,115,470,2
VOC2007/JPEGImages/000118.jpg 194,261,307,577,1
VOC2007/JPEGImages/000454.jpg 154,326,356,693,1
VOC2007/JPEGImages/000589.jpg 129,186,182,324,1
VOC2007/JPEGImages/0001024.jpg 106,194,172,379,1 217,178,260,305,1 335,187,396,366,2
VOC2007/JPEGImages/000135.jpg 364,321,512,684,1 719,228,793,458,1
VOC2007/JPEGImages/000911.jpg 346,177,393,313,1 286,173,324,273,1
VOC2007/JPEGImages/000498.jpg 159,304,337,665,1
VOC2007/JPEGImages/000136.jpg 367,328,519,717,1 723,221,808,454,1
VOC2007/JPEGImages/000483.jpg 348,299,492,660,1 529,360,726,976,1
VOC2007/JPEGImages/000121.jpg 296,340,470,640,1
VOC2007/JPEGImages/000746.jpg 295,162,338,261,2 249,162,292,263,3
VOC2007/JPEGImages/0001035.jpg 342,169,383,299,2 306,161,340,253,1 186,170,221,277,1
VOC2007/JPEGImages/000658.jpg 313,159,343,244,2 335,156,359,227,3
VOC2007/JPEGImages/000295.jpg 190,288,297,604,2 427,291,513,584,1 580,268,657,521,1
VOC2007/JPEGImages/0002343.jpg 775,108,872,370,0 1058,101,1158,385,0
VOC2007/JPEGImages/0001539.jpg 133,84,228,333,1 209,139,308,332,1
VOC2007/JPEGImages/0001938.jpg 260,241,413,486,3 783,113,889,367,2
VOC2007/JPEGImages/000620.jpg 11,195,83,350,1 213,214,316,471,3
VOC2007/JPEGImages/0001531.jpg 326,161,387,289,1 432,174,469,284,1
VOC2007/JPEGImages/000274.jpg 710,251,770,411,1 527,334,697,781,1 990,228,1037,351,1 3,268,153,501,1 230,271,310,494,1
VOC2007/JPEGImages/000681.jpg 333,169,389,312,3 39,183,102,350,2
VOC2007/JPEGImages/000615.jpg 305,193,377,360,1 2,239,85,485,1
VOC2007/JPEGImages/0001300.jpg 1,3,98,261,1
VOC2007/JPEGImages/0001066.jpg 327,309,461,638,1 343,206,402,395,1
VOC2007/JPEGImages/000280.jpg 170,291,270,504,1 133,271,200,478,1 857,358,1003,911,1 757,248,833,414,1 817,241,883,401,1 1,280,50,501,2
VOC2007/JPEGImages/0001577.jpg 61,34,235,333,1 267,54,404,217,1
VOC2007/JPEGImages/000633.jpg 233,159,280,293,2 136,172,187,309,3 120,165,150,233,1 1,234,40,452,1
VOC2007/JPEGImages/000451.jpg 867,507,1080,1374,1
VOC2007/JPEGImages/000204.jpg 1,328,152,740,1 124,297,224,552,1 239,249,318,443,1 330,379,561,952,1 833,249,888,400,1 864,240,903,403,1
VOC2007/JPEGImages/000915.jpg 311,167,351,261,1 366,173,419,306,2
VOC2007/JPEGImages/000448.jpg 404,435,679,1076,1
VOC2007/JPEGImages/0001051.jpg 306,166,348,282,1 230,163,259,275,2 102,186,158,319,1
VOC2007/JPEGImages/000843.jpg 199,142,213,185,1 173,200,263,428,0 349,174,395,329,2
VOC2007/JPEGImages/0002370.jpg 324,157,417,382,0 790,150,923,457,0 765,111,839,305,0
VOC2007/JPEGImages/0001919.jpg 176,234,312,478,0 424,154,543,377,0
VOC2007/JPEGImages/000342.jpg 37,291,177,591,2 297,248,363,481,2 347,331,457,718,1 700,228,740,358,1
VOC2007/JPEGImages/000511.jpg 454,435,773,1060,1
VOC2007/JPEGImages/000393.jpg 351,260,473,499,1 9,360,179,785,1
VOC2007/JPEGImages/000212.jpg 457,288,570,561,1 143,291,257,594,1 553,221,607,361,1 837,241,893,411,1 850,231,907,391,1
VOC2007/JPEGImages/000352.jpg 333,251,407,498,2 520,254,610,518,2
VOC2007/JPEGImages/000717.jpg 110,185,175,334,2 248,181,310,347,3
VOC2007/JPEGImages/000054.jpg 360,319,449,560,1
VOC2007/JPEGImages/000716.jpg 230,189,292,361,3 126,181,173,319,2
VOC2007/JPEGImages/000907.jpg 200,173,238,288,1 289,185,349,318,1
VOC2007/JPEGImages/0002006.jpg 419,151,504,351,1 532,183,657,493,0
VOC2007/JPEGImages/000463.jpg 392,243,554,610,1
VOC2007/JPEGImages/000247.jpg 1,588,273,1541,1 753,248,803,401,1 800,238,857,414,1 307,301,417,678,2
VOC2007/JPEGImages/0001072.jpg 246,184,309,348,1
VOC2007/JPEGImages/000193.jpg 45,361,242,840,1 607,278,707,582,1 866,244,938,392,1 1031,233,1080,332,1
VOC2007/JPEGImages/000387.jpg 190,404,459,985,1 254,304,370,576,1
VOC2007/JPEGImages/000014.jpg 162,1,291,285,1 771,40,874,389,0 1014,26,1150,342,0
VOC2007/JPEGImages/0001296.jpg 6,1,52,108,1
VOC2007/JPEGImages/000671.jpg 191,164,230,292,2 320,153,359,258,3
VOC2007/JPEGImages/000231.jpg 480,341,633,814,1 227,424,490,984,1 143,331,300,781,1 847,241,907,378,1 793,248,837,418,1 743,248,807,448,1 697,244,763,448,1
VOC2007/JPEGImages/0001077.jpg 281,172,320,289,1 383,250,480,570,1
VOC2007/JPEGImages/000435.jpg 465,299,634,688,1
VOC2007/JPEGImages/000316.jpg 40,394,250,981,2 330,291,430,561,1 693,214,733,324,1
VOC2007/JPEGImages/000264.jpg 17,298,137,604,2 267,324,373,648,1 820,241,870,408,1 773,238,820,404,1 237,278,290,494,1
VOC2007/JPEGImages/0001553.jpg 194,110,305,375,1
VOC2007/JPEGImages/0002126.jpg 470,33,570,313,0 524,175,659,584,0 875,19,1005,338,0
VOC2007/JPEGImages/000382.jpg 187,510,490,1349,1 423,290,556,607,1
VOC2007/JPEGImages/000853.jpg 220,160,250,275,2 360,177,429,371,0
VOC2007/JPEGImages/000588.jpg 117,191,175,337,1
VOC2007/JPEGImages/0001940.jpg 741,181,876,487,3 563,135,669,339,1
VOC2007/JPEGImages/000177.jpg 93,361,328,895,1 304,264,404,468,1
VOC2007/JPEGImages/000650.jpg 204,152,235,237,3 240,151,266,235,2
VOC2007/JPEGImages/0001013.jpg 306,277,427,639,1
VOC2007/JPEGImages/000631.jpg 147,182,206,327,3 254,163,296,289,2 106,168,145,254,1 1,267,105,561,1
VOC2007/JPEGImages/000012.jpg 555,3,667,291,0 765,2,883,251,0
VOC2007/JPEGImages/0002025.jpg 597,146,693,387,0 707,121,808,323,0
VOC2007/JPEGImages/000705.jpg 337,170,385,292,2
VOC2007/JPEGImages/000384.jpg 240,451,490,1101,1 331,307,467,596,1
VOC2007/JPEGImages/000731.jpg 176,160,216,261,3 343,179,400,354,2
VOC2007/JPEGImages/000880.jpg 133,176,178,287,1 230,194,277,389,3
VOC2007/JPEGImages/000070.jpg 112,191,198,406,0 224,191,308,395,0 358,219,437,433,0 711,168,779,395,0 473,148,518,288,1
VOC2007/JPEGImages/000258.jpg 237,278,307,491,1 307,351,443,764,1 367,281,463,544,2 773,244,817,404,1 817,244,880,401,1
VOC2007/JPEGImages/000346.jpg 363,241,457,468,2 113,278,200,384,2 107,324,250,688,1 697,224,743,334,1
VOC2007/JPEGImages/000798.jpg 346,176,396,323,2 330,145,353,227,0
VOC2007/JPEGImages/000300.jpg 390,291,500,574,1 587,244,640,368,1 293,281,370,528,1 237,311,353,681,2
VOC2007/JPEGImages/000419.jpg 354,521,695,1368,1 545,263,665,524,1
VOC2007/JPEGImages/0001306.jpg 2,1,87,246,1
VOC2007/JPEGImages/000037.jpg 885,30,1051,327,3
VOC2007/JPEGImages/000334.jpg 773,334,890,811,1 770,234,820,371,1 383,294,510,658,2 193,274,317,624,2
VOC2007/JPEGImages/000362.jpg 1,328,100,674,1 163,298,280,644,2 367,294,497,694,2
VOC2007/JPEGImages/000919.jpg 231,164,264,260,1 347,175,404,325,2
VOC2007/JPEGImages/000988.jpg 307,170,349,294,1 370,210,457,471,2
VOC2007/JPEGImages/000688.jpg 368,197,445,432,3 1,219,63,484,2
VOC2007/JPEGImages/0002031.jpg 155,234,271,471,0 385,154,480,334,3
VOC2007/JPEGImages/000469.jpg 54,313,265,735,1
VOC2007/JPEGImages/000913.jpg 321,169,350,263,1 346,175,394,312,2
VOC2007/JPEGImages/0001027.jpg 328,179,383,343,2 246,175,288,284,1 113,183,167,337,1
VOC2007/JPEGImages/000526.jpg 134,399,437,1160,1
VOC2007/JPEGImages/000773.jpg 299,214,369,429,1
VOC2007/JPEGImages/000188.jpg 414,275,511,544,1 535,333,700,782,1 880,240,952,385,1 759,185,800,261,1
VOC2007/JPEGImages/0001302.jpg 2,2,95,213,1
VOC2007/JPEGImages/000307.jpg 1,378,207,904,2 133,278,213,508,1 660,221,710,344,1
VOC2007/JPEGImages/000504.jpg 376,324,584,776,1
VOC2007/JPEGImages/0001514.jpg 272,97,360,265,1
VOC2007/JPEGImages/000174.jpg 176,268,262,489,1 369,395,590,1047,1
VOC2007/JPEGImages/0001562.jpg 2,132,49,308,1 20,128,65,290,1 341,118,458,370,1
VOC2007/JPEGImages/0001081.jpg 287,212,361,437,1 350,166,392,267,1
VOC2007/JPEGImages/000008.jpg 361,37,546,462,1 945,2,1027,240,0
VOC2007/JPEGImages/000714.jpg 205,189,272,398,3 140,172,194,306,2
VOC2007/JPEGImages/000771.jpg 235,202,299,392,1
VOC2007/JPEGImages/0002012.jpg 737,115,851,357,0
VOC2007/JPEGImages/000002.jpg 591,48,744,415,0
VOC2007/JPEGImages/000211.jpg 830,481,1080,1398,1 123,301,250,598,1 440,288,550,544,1 533,231,593,381,1 833,251,893,401,1 860,241,910,398,1
VOC2007/JPEGImages/000892.jpg 199,171,241,290,1
VOC2007/JPEGImages/000225.jpg 1003,234,1057,351,1 937,238,1000,378,1 480,304,597,654,1 693,404,957,1111,1 690,201,730,304,1 867,248,907,384,1 837,251,890,398,1
VOC2007/JPEGImages/0001995.jpg 277,162,357,334,0 247,233,360,487,2
VOC2007/JPEGImages/0001719.jpg 3,7,38,133,1
VOC2007/JPEGImages/0001722.jpg 1,1,41,118,1
VOC2007/JPEGImages/000879.jpg 202,196,273,391,3 150,177,183,290,1
VOC2007/JPEGImages/0001009.jpg 205,182,258,343,2
VOC2007/JPEGImages/000895.jpg 11,183,62,310,1 114,169,189,294,1
VOC2007/JPEGImages/000622.jpg 32,183,85,318,1 213,206,301,426,3
VOC2007/JPEGImages/000105.jpg 167,189,280,500,0 409,157,491,395,0 519,177,610,401,0
VOC2007/JPEGImages/000692.jpg 169,210,250,459,2
VOC2007/JPEGImages/0002298.jpg 170,198,277,450,0 777,119,886,375,0
VOC2007/JPEGImages/000648.jpg 187,155,214,241,3 219,154,250,241,2
VOC2007/JPEGImages/000983.jpg 40,206,139,437,2 320,160,356,267,1
VOC2007/JPEGImages/000851.jpg 243,162,276,285,2 373,185,454,383,0
VOC2007/JPEGImages/000766.jpg 139,190,190,339,1
VOC2007/JPEGImages/0001042.jpg 334,166,376,286,2 288,169,319,268,1 246,165,272,250,1
VOC2007/JPEGImages/000209.jpg 93,301,230,638,1 367,278,473,531,1 397,461,693,1228,1 487,241,540,391,1 867,244,907,404,1 830,251,900,408,1
VOC2007/JPEGImages/000396.jpg 442,493,804,1479,1
VOC2007/JPEGImages/000652.jpg 237,152,263,237,3 265,156,300,240,2
VOC2007/JPEGImages/0001095.jpg 208,175,255,310,1 415,205,478,409,1
VOC2007/JPEGImages/000181.jpg 1,324,114,733,1 397,278,490,506,1
VOC2007/JPEGImages/000795.jpg 280,152,311,230,0 403,187,466,370,2
VOC2007/JPEGImages/000903.jpg 181,177,246,318,2
VOC2007/JPEGImages/000878.jpg 163,177,188,286,1 184,200,238,380,3
VOC2007/JPEGImages/000291.jpg 530,294,637,618,1 920,241,980,374,1 193,274,290,544,2
VOC2007/JPEGImages/000618.jpg 1,202,65,391,1 274,185,333,345,1 280,232,429,552,3
VOC2007/JPEGImages/000579.jpg 69,226,162,441,1
VOC2007/JPEGImages/000992.jpg 217,177,270,319,1
VOC2007/JPEGImages/0001277.jpg 4,1,90,221,1
VOC2007/JPEGImages/000862.jpg 99,172,134,297,2 129,186,188,366,0
VOC2007/JPEGImages/000398.jpg 129,463,459,1213,1
VOC2007/JPEGImages/0001936.jpg 44,242,159,465,0 613,135,748,414,2
VOC2007/JPEGImages/000718.jpg 258,181,321,339,3 113,183,180,339,2
VOC2007/JPEGImages/0001104.jpg 338,192,414,384,1 176,188,229,338,1
VOC2007/JPEGImages/000754.jpg 307,170,366,319,3 146,160,183,274,2
VOC2007/JPEGImages/000228.jpg 467,314,603,694,1 350,354,497,891,1 47,458,267,1108,1 817,241,870,408,1 857,241,920,384,1 703,204,740,298,1
VOC2007/JPEGImages/000803.jpg 406,142,429,219,0 347,162,387,273,2
VOC2007/JPEGImages/000147.jpg 601,325,764,758,1 745,206,801,336,1
VOC2007/JPEGImages/000965.jpg 262,254,354,549,1 327,204,385,428,1 347,171,395,262,2
VOC2007/JPEGImages/000241.jpg 1,364,143,798,1 163,598,503,1568,1 767,251,823,418,1 817,238,860,411,1 417,268,477,471,1 383,254,450,461,1
VOC2007/JPEGImages/0001544.jpg 152,63,259,346,1 234,72,341,355,1
VOC2007/JPEGImages/0001559.jpg 157,26,291,312,1 441,70,498,333,1
VOC2007/JPEGImages/000755.jpg 123,161,163,278,2 317,179,377,339,3
VOC2007/JPEGImages/0001091.jpg 253,168,289,286,1 52,184,113,319,1
VOC2007/JPEGImages/000437.jpg 584,288,754,710,1
VOC2007/JPEGImages/0002032.jpg 57,247,157,469,0 483,134,569,327,3
VOC2007/JPEGImages/0001972.jpg 467,147,556,338,0 663,143,777,410,0
VOC2007/JPEGImages/000198.jpg 1,467,123,949,1 75,319,215,667,1 626,293,767,704,1 849,249,904,401,1 901,245,949,404,1
VOC2007/JPEGImages/000727.jpg 266,195,353,418,2 153,163,196,279,3
VOC2007/JPEGImages/000036.jpg 821,40,977,367,3
VOC2007/JPEGImages/000035.jpg 621,49,800,379,3
VOC2007/JPEGImages/000322.jpg 1,390,87,764,1 393,298,503,631,1 597,394,787,691,1 727,198,760,301,1
VOC2007/JPEGImages/000405.jpg 190,313,337,693,1
VOC2007/JPEGImages/000826.jpg 322,153,344,202,1 231,160,311,279,0 50,200,120,377,2
VOC2007/JPEGImages/0001288.jpg 6,3,273,706,1
VOC2007/JPEGImages/000823.jpg 346,154,366,198,1 290,157,356,278,0 70,187,126,337,2
VOC2007/JPEGImages/000534.jpg 617,354,815,929,1
VOC2007/JPEGImages/000114.jpg 133,210,207,417,1 445,254,480,489,1
VOC2007/JPEGImages/0001287.jpg 3,5,38,125,1
VOC2007/JPEGImages/000529.jpg 473,418,792,1221,1
VOC2007/JPEGImages/000452.jpg 229,318,409,743,1
VOC2007/JPEGImages/0002021.jpg 284,170,355,337,0 360,201,485,457,0
VOC2007/JPEGImages/000286.jpg 200,271,283,494,2 387,254,483,464,1 617,254,670,398,1 647,314,777,721,1 847,238,910,404,1
VOC2007/JPEGImages/0001058.jpg 236,177,279,311,2 86,206,149,399,1 346,187,410,359,1
VOC2007/JPEGImages/000298.jpg 577,254,620,384,1 507,271,603,571,1 337,284,447,561,1 213,304,343,638,2
VOC2007/JPEGImages/000269.jpg 283,318,423,674,1 757,254,817,418,1 233,274,297,498,1
VOC2007/JPEGImages/000869.jpg 128,174,183,317,2 310,199,400,408,3
VOC2007/JPEGImages/000048.jpg 891,2,993,281,1 658,1,746,197,3
VOC2007/JPEGImages/000675.jpg 301,161,343,272,3 126,175,178,302,2
VOC2007/JPEGImages/000702.jpg 346,167,404,325,2
VOC2007/JPEGImages/000822.jpg 77,182,131,330,2 326,156,357,276,0 354,155,375,200,1
VOC2007/JPEGImages/0001283.jpg 11,7,183,496,1
VOC2007/JPEGImages/000535.jpg 476,326,734,890,1
VOC2007/JPEGImages/0001275.jpg 1,1,42,108,1
VOC2007/JPEGImages/000680.jpg 54,189,118,345,2 335,170,386,306,3
VOC2007/JPEGImages/000082.jpg 427,165,519,473,0 571,123,631,349,0 667,126,745,334,0
VOC2007/JPEGImages/0002268.jpg 947,82,1077,394,0
VOC2007/JPEGImages/0001285.jpg 4,7,43,108,1
VOC2007/JPEGImages/000726.jpg 162,163,211,279,3 209,205,305,421,2
VOC2007/JPEGImages/000813.jpg 423,149,442,199,1 343,149,378,245,0 166,165,210,272,2
VOC2007/JPEGImages/000596.jpg 234,174,272,290,1
VOC2007/JPEGImages/000013.jpg 2,23,75,354,1 643,20,761,334,0 908,2,1018,288,0
VOC2007/JPEGImages/0001279.jpg 3,5,108,300,1
VOC2007/JPEGImages/000223.jpg 1,459,57,844,1 483,291,593,611,1 943,678,1080,1243,1 1030,224,1080,351,1 863,248,907,401,1 830,254,890,408,1 677,208,723,318,1
VOC2007/JPEGImages/0001276.jpg 1,3,71,109,1
VOC2007/JPEGImages/0002013.jpg 572,141,684,354,0
VOC2007/JPEGImages/000117.jpg 189,242,276,513,1
VOC2007/JPEGImages/0001028.jpg 337,182,390,337,2 258,178,295,281,1 122,180,175,328,1
VOC2007/JPEGImages/000283.jpg 263,261,343,464,1 733,338,890,811,1 737,251,800,408,1 833,241,890,374,1 7,294,110,524,1 47,291,137,478,1 107,261,180,478,2
VOC2007/JPEGImages/000449.jpg 584,471,842,1174,1
VOC2007/JPEGImages/000594.jpg 196,174,239,291,1
VOC2007/JPEGImages/000752.jpg 280,168,336,307,3 179,162,226,265,2
VOC2007/JPEGImages/0002294.jpg 492,138,611,384,0 859,136,1010,447,0
VOC2007/JPEGImages/000693.jpg 204,204,296,438,2
VOC2007/JPEGImages/000610.jpg 143,191,204,348,1
VOC2007/JPEGImages/000213.jpg 173,294,290,584,1 433,291,547,571,1 570,218,623,368,1 867,244,907,398,1 830,248,893,418,1
VOC2007/JPEGImages/000464.jpg 417,179,565,601,1
VOC2007/JPEGImages/0002354.jpg 1000,77,1102,342,0 572,136,661,364,0 644,140,782,442,0
VOC2007/JPEGImages/000739.jpg 272,153,310,240,3 356,164,393,292,2
VOC2007/JPEGImages/000364.jpg 627,551,1020,1571,1
VOC2007/JPEGImages/000189.jpg 469,347,635,809,1 469,264,545,447,1 873,244,938,395,1
VOC2007/JPEGImages/000074.jpg 279,189,367,417,0 402,196,506,464,0 579,166,662,374,0 689,207,768,409,0 464,147,517,298,1
VOC2007/JPEGImages/000389.jpg 195,401,373,907,1 176,310,279,532,1 70,274,151,513,1
VOC2007/JPEGImages/0001074.jpg 254,178,306,317,1
VOC2007/JPEGImages/000276.jpg 83,268,160,498,1 240,274,313,488,1 680,354,833,828,1 910,231,967,371,1 737,248,793,371,1
VOC2007/JPEGImages/000625.jpg 238,166,284,306,2 46,178,106,289,1 259,189,326,369,3
VOC2007/JPEGImages/000657.jpg 313,156,340,242,2
VOC2007/JPEGImages/0002360.jpg 12,236,94,436,0 650,167,802,531,0 176,190,284,394,0
VOC2007/JPEGImages/0002036.jpg 396,151,476,325,3 733,129,827,373,3
VOC2007/JPEGImages/000566.jpg 292,660,751,1796,1
VOC2007/JPEGImages/0002316.jpg 75,220,200,447,0 1031,76,1161,326,0 413,189,545,436,0
VOC2007/JPEGImages/0001926.jpg 296,189,445,455,0 615,131,717,347,0
VOC2007/JPEGImages/000904.jpg 212,172,254,323,2 151,179,196,308,1
VOC2007/JPEGImages/000575.jpg 233,216,320,435,1
VOC2007/JPEGImages/0001089.jpg 284,167,337,277,1 112,186,168,325,1
VOC2007/JPEGImages/0001558.jpg 96,80,171,324,1
VOC2007/JPEGImages/000350.jpg 250,264,333,484,2 490,241,573,491,2 1,374,53,654,1 697,214,737,328,1
VOC2007/JPEGImages/0001307.jpg 1,2,41,123,1
VOC2007/JPEGImages/0002358.jpg 207,177,296,342,0 463,178,593,440,0 303,164,417,384,0
VOC2007/JPEGImages/0001001.jpg 255,205,345,416,1 226,187,272,350,2
VOC2007/JPEGImages/000651.jpg 253,153,278,240,2 217,154,245,234,3
VOC2007/JPEGImages/000791.jpg 176,166,220,286,0
VOC2007/JPEGImages/000750.jpg 262,168,307,291,3 226,162,269,259,2
VOC2007/JPEGImages/000607.jpg 235,186,282,322,1
VOC2007/JPEGImages/0002272.jpg 16,222,142,436,0 1063,105,1224,445,0
VOC2007/JPEGImages/0002228.jpg 828,96,961,484,0
VOC2007/JPEGImages/000806.jpg 328,161,358,261,2 416,148,446,221,0
VOC2007/JPEGImages/000679.jpg 330,167,376,297,3 73,175,130,333,2
VOC2007/JPEGImages/000634.jpg 1,249,32,414,1 126,162,153,217,1 133,173,183,304,3 218,164,260,284,2
VOC2007/JPEGImages/000057.jpg 37,352,145,626,1
VOC2007/JPEGImages/000980.jpg 289,165,333,273,1
VOC2007/JPEGImages/000559.jpg 348,346,559,882,1
VOC2007/JPEGImages/000009.jpg 594,65,746,552,1 761,2,876,216,3
VOC2007/JPEGImages/000433.jpg 6,326,148,679,1 406,288,556,660,1
VOC2007/JPEGImages/000279.jpg 97,274,167,481,1 203,278,283,508,1 880,364,1017,901,1 787,258,843,398,1 837,244,887,398,1
VOC2007/JPEGImages/000187.jpg 345,282,476,558,1 555,326,714,730,1 907,233,983,382,1 780,182,821,258,1
VOC2007/JPEGImages/000662.jpg 381,152,417,229,3 312,159,356,264,2
VOC2007/JPEGImages/0001724.jpg 4,4,51,116,1
VOC2007/JPEGImages/000784.jpg 170,179,238,355,0
VOC2007/JPEGImages/000336.jpg 657,331,800,804,1 733,238,780,354,1 257,328,407,668,2 240,271,360,458,2
VOC2007/JPEGImages/000260.jpg 327,328,447,708,1 780,248,820,401,1 817,241,873,394,1 257,284,333,561,2
VOC2007/JPEGImages/000924.jpg 257,181,335,337,2 169,171,227,288,1
VOC2007/JPEGImages/000670.jpg 330,153,370,254,3 206,160,253,288,2
VOC2007/JPEGImages/000560.jpg 309,371,556,935,1
VOC2007/JPEGImages/000553.jpg 245,368,476,954,1
VOC2007/JPEGImages/000200.jpg 1,361,130,875,1 115,312,234,619,1 641,315,782,771,1 845,245,901,415,1 875,252,919,401,1
VOC2007/JPEGImages/000476.jpg 367,388,615,960,1 654,313,834,801,1
VOC2007/JPEGImages/000808.jpg 285,154,321,259,2 404,144,438,233,0
VOC2007/JPEGImages/000401.jpg 90,385,306,982,1
VOC2007/JPEGImages/0002091.jpg 403,159,600,578,0 682,8,787,289,0
VOC2007/JPEGImages/0001093.jpg 214,176,264,298,1 1,187,53,320,1
VOC2007/JPEGImages/0001290.jpg 5,4,97,276,1
VOC2007/JPEGImages/000543.jpg 354,451,695,1315,1
VOC2007/JPEGImages/000934.jpg 198,174,236,290,1 278,178,340,329,2 1,229,57,451,1
VOC2007/JPEGImages/0001964.jpg 245,175,349,374,0 1143,81,1256,331,0
VOC2007/JPEGImages/000273.jpg 3,264,93,508,1 237,278,313,501,1 470,328,630,758,1 730,244,787,408,1 1027,224,1077,334,1
VOC2007/JPEGImages/000423.jpg 267,332,504,868,1
VOC2007/JPEGImages/000778.jpg 302,215,396,498,0
VOC2007/JPEGImages/000486.jpg 187,385,454,1024,1 512,279,648,610,1
VOC2007/JPEGImages/000636.jpg 128,170,176,291,3 203,163,245,284,2
VOC2007/JPEGImages/000540.jpg 154,388,490,1007,1
VOC2007/JPEGImages/000844.jpg 346,169,389,322,2 199,200,283,437,0
VOC2007/JPEGImages/0001535.jpg 258,169,343,335,1
VOC2007/JPEGImages/0001939.jpg 451,222,591,514,3 673,119,779,347,2
VOC2007/JPEGImages/000611.jpg 322,195,399,378,1
VOC2007/JPEGImages/000975.jpg 63,196,133,381,2 204,171,249,300,1
VOC2007/JPEGImages/0002179.jpg 900,26,1002,306,0 441,43,542,350,0 349,6,451,261,0
VOC2007/JPEGImages/0001304.jpg 2,3,96,226,1
VOC2007/JPEGImages/000000.jpg 597,7,743,293,0
VOC2007/JPEGImages/000781.jpg 209,199,303,417,0
VOC2007/JPEGImages/0002355.jpg 854,96,966,331,0 538,161,658,419,0 473,154,566,359,0
VOC2007/JPEGImages/000285.jpg 357,261,437,458,1 673,328,810,741,1 650,261,717,411,1 830,244,887,398,1 173,261,263,484,2
VOC2007/JPEGImages/000599.jpg 281,168,331,281,1
VOC2007/JPEGImages/000552.jpg 245,421,490,1043,1
VOC2007/JPEGImages/000007.jpg 288,6,431,352,1 448,2,559,191,3 1020,5,1144,293,0
VOC2007/JPEGImages/000551.jpg 267,440,523,1149,1
VOC2007/JPEGImages/0001073.jpg 247,177,305,332,1
VOC2007/JPEGImages/0002000.jpg 252,195,331,371,1 567,141,660,394,0
VOC2007/JPEGImages/0002282.jpg 600,168,777,515,0 932,59,1086,361,0
VOC2007/JPEGImages/0001941.jpg 400,167,503,371,1 979,127,1104,435,3
VOC2007/JPEGImages/000667.jpg 261,161,310,282,2 370,155,401,239,3
VOC2007/JPEGImages/000959.jpg 159,205,246,390,1 264,174,327,315,2
VOC2007/JPEGImages/000292.jpg 203,281,290,561,2 513,298,603,601,1 560,261,627,478,1 953,241,1013,361,1
VOC2007/JPEGImages/000030.jpg 847,12,949,305,3
VOC2007/JPEGImages/000032.jpg 176,3,288,241,3 662,1,757,231,3
VOC2007/JPEGImages/000315.jpg 310,281,407,564,1 687,211,730,318,1 47,418,283,1034,2
VOC2007/JPEGImages/0001008.jpg 188,179,244,329,2
VOC2007/JPEGImages/000023.jpg 818,9,914,289,0
VOC2007/JPEGImages/0001574.jpg 41,164,99,375,1 95,164,164,369,1
VOC2007/JPEGImages/0001025.jpg 339,187,392,362,2 228,176,266,297,1 112,190,173,369,1
VOC2007/JPEGImages/000432.jpg 65,329,240,679,1 367,290,498,632,1
VOC2007/JPEGImages/000042.jpg 201,6,324,276,1
VOC2007/JPEGImages/000472.jpg 270,313,515,793,1
VOC2007/JPEGImages/000348.jpg 167,268,257,491,2 430,244,510,471,2 7,338,167,664,1 690,204,743,324,1
VOC2007/JPEGImages/0002042.jpg 85,227,199,454,0 1085,110,1203,414,1
VOC2007/JPEGImages/000329.jpg 613,338,757,751,1 910,238,963,398,1 750,204,790,284,1 230,288,340,608,2
VOC2007/JPEGImages/000684.jpg 1,199,40,392,2 333,171,394,343,3
VOC2007/JPEGImages/000360.jpg 327,288,430,661,2 233,288,340,601,2
VOC2007/JPEGImages/000050.jpg 151,385,327,807,1
VOC2007/JPEGImages/0002341.jpg 587,159,694,435,0 709,103,816,379,0
VOC2007/JPEGImages/000409.jpg 170,288,315,607,1
VOC2007/JPEGImages/000782.jpg 189,192,273,395,0
VOC2007/JPEGImages/0001040.jpg 347,167,382,285,2 330,166,354,262,1 224,162,256,255,1
VOC2007/JPEGImages/000287.jpg 440,261,520,468,1 627,314,747,708,1 587,248,640,401,1 873,244,930,398,1 207,271,300,498,2
VOC2007/JPEGImages/000141.jpg 693,421,952,1069,1 749,221,804,365,1
VOC2007/JPEGImages/000591.jpg 154,173,205,320,1
VOC2007/JPEGImages/000069.jpg 204,183,278,374,0 317,185,406,365,0 384,215,457,404,0 639,160,701,366,0 475,148,518,289,1
VOC2007/JPEGImages/000685.jpg 330,179,399,360,3 1,205,42,417,2
VOC2007/JPEGImages/0001069.jpg 296,200,363,402,1
VOC2007/JPEGImages/0002326.jpg 316,203,442,503,0 421,141,524,431,0 742,129,879,433,0
VOC2007/JPEGImages/000948.jpg 117,226,209,510,2 363,200,426,387,1
VOC2007/JPEGImages/000666.jpg 374,154,412,243,3 286,159,328,282,2
VOC2007/JPEGImages/0001512.jpg 52,156,139,296,1 295,132,450,299,1
VOC2007/JPEGImages/000546.jpg 659,701,1080,1908,1
VOC2007/JPEGImages/0002046.jpg 231,169,299,347,0 331,222,447,502,2
VOC2007/JPEGImages/0001012.jpg 282,193,355,375,2
VOC2007/JPEGImages/000091.jpg 318,154,403,377,0 486,148,578,427,0 638,163,728,364,0 705,112,784,320,0
VOC2007/JPEGImages/0002080.jpg 314,166,479,580,0 794,85,952,452,0
VOC2007/JPEGImages/000741.jpg 279,157,321,252,3 353,162,395,274,2
VOC2007/JPEGImages/000985.jpg 145,209,269,444,2 330,165,371,279,1
VOC2007/JPEGImages/000724.jpg 201,172,249,302,3 127,203,196,418,2
VOC2007/JPEGImages/0001526.jpg 119,260,178,359,1 264,238,311,337,1
VOC2007/JPEGImages/000192.jpg 138,375,355,840,1 586,275,697,578,1 866,240,935,385,1
VOC2007/JPEGImages/000945.jpg 213,245,338,593,2 302,187,359,333,1
VOC2007/JPEGImages/000277.jpg 70,274,160,488,1 233,278,313,494,1 747,361,910,881,1 760,254,813,411,1 870,238,930,364,1
VOC2007/JPEGImages/000145.jpg 682,358,819,817,1 734,202,801,339,1
VOC2007/JPEGImages/0002289.jpg 435,161,552,398,0 633,157,816,449,0
VOC2007/JPEGImages/0001097.jpg 377,194,435,367,1 211,181,261,333,1
VOC2007/JPEGImages/000999.jpg 302,185,368,363,2 194,193,256,394,1
VOC2007/JPEGImages/0001015.jpg 170,244,276,574,1 319,220,418,450,1
VOC2007/JPEGImages/0001022.jpg 116,199,197,408,1 208,182,257,325,1 338,193,402,392,2
VOC2007/JPEGImages/0002287.jpg 389,182,531,475,0 752,106,879,347,0 1131,94,1266,480,1
VOC2007/JPEGImages/000786.jpg 166,171,215,335,0
VOC2007/JPEGImages/000197.jpg 1,500,138,1001,1 52,330,212,701,1 630,293,756,689,1 860,249,908,382,1 912,238,956,401,1
VOC2007/JPEGImages/0001569.jpg 83,90,128,241,1 140,88,191,244,1
VOC2007/JPEGImages/000369.jpg 737,293,976,938,2 1,346,179,846,2 187,315,367,699,1
VOC2007/JPEGImages/0001922.jpg 80,230,173,425,0 763,135,867,397,0
VOC2007/JPEGImages/000341.jpg 377,324,517,731,1 693,221,733,351,1 33,288,150,604,2 293,258,367,498,2
VOC2007/JPEGImages/0001032.jpg 163,173,206,293,1 287,162,319,261,1 349,172,393,313,2
VOC2007/JPEGImages/000645.jpg 156,156,192,250,3 201,156,238,252,2
VOC2007/JPEGImages/000494.jpg 731,507,1080,1481,1 292,285,434,579,1
VOC2007/JPEGImages/000898.jpg 81,172,122,310,2 113,175,149,300,1
VOC2007/JPEGImages/000060.jpg 281,106,385,397,0 633,94,722,296,0 902,26,976,235,0 1017,26,1103,234,0
VOC2007/JPEGImages/000053.jpg 410,348,510,635,1
VOC2007/JPEGImages/0001533.jpg 189,101,319,333,1
VOC2007/JPEGImages/0002263.jpg 417,94,570,445,0 614,20,735,313,0
VOC2007/JPEGImages/000572.jpg 592,335,765,865,1 745,382,870,829,1
VOC2007/JPEGImages/0001572.jpg 31,67,105,238,1 344,47,454,256,1
VOC2007/JPEGImages/0001053.jpg 233,166,273,279,2 314,170,359,299,1 76,195,141,343,1
VOC2007/JPEGImages/000728.jpg 146,165,196,271,3 307,189,381,403,2
VOC2007/JPEGImages/000946.jpg 194,240,283,556,2 321,189,377,347,1
VOC2007/JPEGImages/000729.jpg 159,162,194,265,3 325,188,408,385,2
VOC2007/JPEGImages/000046.jpg 925,37,1050,402,1
VOC2007/JPEGImages/000647.jpg 170,159,209,244,3 213,155,246,245,2
VOC2007/JPEGImages/000978.jpg 249,164,290,276,1
VOC2007/JPEGImages/000774.jpg 322,219,423,445,1
VOC2007/JPEGImages/000394.jpg 423,385,676,1129,1
VOC2007/JPEGImages/000288.jpg 217,271,300,504,2 493,258,550,474,1 570,261,620,404,1 607,308,737,678,1 893,234,960,378,1
VOC2007/JPEGImages/000817.jpg 394,149,412,205,1 338,156,376,252,0 94,174,131,282,2
VOC2007/JPEGImages/0001017.jpg 252,210,316,412,1 124,237,225,536,1 444,204,480,425,2
VOC2007/JPEGImages/000561.jpg 287,385,537,1035,1
VOC2007/JPEGImages/0001094.jpg 212,172,254,307,1 443,219,480,430,1
VOC2007/JPEGImages/0001076.jpg 266,173,311,295,1 405,271,480,620,1
VOC2007/JPEGImages/000066.jpg 243,203,346,482,0 546,185,652,461,0 649,221,729,457,0 765,204,882,504,0 478,148,518,287,1
VOC2007/JPEGImages/000522.jpg 395,493,704,1415,1
VOC2007/JPEGImages/000033.jpg 295,14,422,309,3
VOC2007/JPEGImages/000424.jpg 279,388,487,949,1 370,251,473,513,1
VOC2007/JPEGImages/000719.jpg 103,185,166,352,2 270,182,337,331,3
VOC2007/JPEGImages/0001309.jpg 1,1,35,118,1
VOC2007/JPEGImages/000331.jpg 10,304,177,681,2 343,298,477,611,2 717,328,850,828,1 833,248,893,391,1 753,204,797,284,1 717,231,760,301,1
VOC2007/JPEGImages/000294.jpg 443,301,543,574,1 573,258,657,521,1 1027,234,1077,328,1 197,294,303,584,2
VOC2007/JPEGImages/000403.jpg 134,343,362,871,1
VOC2007/JPEGImages/000183.jpg 93,292,214,578,1 545,295,666,626,1 752,192,790,258,1
VOC2007/JPEGImages/000098.jpg 58,235,235,659,0 430,204,544,459,0 640,177,783,521,0
VOC2007/JPEGImages/0002344.jpg 638,136,763,442,0
VOC2007/JPEGImages/000170.jpg 97,289,193,533,1 859,640,1080,1803,1
VOC2007/JPEGImages/000085.jpg 433,189,581,511,0 540,119,612,323,0 916,115,1001,357,0
VOC2007/JPEGImages/000743.jpg 259,156,313,252,3 337,161,375,272,2
VOC2007/JPEGImages/0002281.jpg 407,196,528,477,0 919,68,1035,326,0
VOC2007/JPEGImages/000704.jpg 340,167,396,301,2
VOC2007/JPEGImages/000914.jpg 325,166,352,264,1 362,171,402,313,2
VOC2007/JPEGImages/000604.jpg 285,174,339,300,1
VOC2007/JPEGImages/000737.jpg 242,152,281,245,3 356,165,404,299,2
VOC2007/JPEGImages/0001566.jpg 178,177,347,500,1
VOC2007/JPEGImages/000101.jpg 585,118,671,324,0 917,131,1021,389,0 1072,123,1140,297,0
VOC2007/JPEGImages/000159.jpg 597,321,719,702,1
VOC2007/JPEGImages/000500.jpg 212,313,390,690,1
VOC2007/JPEGImages/0001982.jpg 129,215,217,410,0 471,159,563,383,3
VOC2007/JPEGImages/0001075.jpg 260,173,313,308,1
VOC2007/JPEGImages/0001100.jpg 303,187,359,326,1 262,185,309,362,1
VOC2007/JPEGImages/000888.jpg 186,173,223,272,1
VOC2007/JPEGImages/000044.jpg 476,38,587,385,1
VOC2007/JPEGImages/000338.jpg 520,331,677,758,1 707,218,767,364,1 260,261,367,561,2 113,304,250,658,2
VOC2007/JPEGImages/000807.jpg 406,143,440,224,0 310,155,343,259,2
VOC2007/JPEGImages/000372.jpg 329,326,504,721,1 926,390,1080,1214,2
VOC2007/JPEGImages/0002365.jpg 121,215,259,475,0 860,89,959,356,0 601,195,738,477,0
VOC2007/JPEGImages/0001063.jpg 171,251,258,520,1 263,193,336,369,1
VOC2007/JPEGImages/000233.jpg 483,358,660,861,1 93,314,220,711,1 1,472,203,1031,1 780,254,837,414,1 843,238,910,384,1 673,251,737,458,1 617,248,707,448,1
VOC2007/JPEGImages/000970.jpg 240,182,306,338,2 177,185,238,348,1
VOC2007/JPEGImages/000721.jpg 93,197,158,376,2 250,169,310,307,3
VOC2007/JPEGImages/000841.jpg 207,142,227,181,1 184,186,259,390,0 367,182,420,359,2
VOC2007/JPEGImages/000951.jpg 111,206,186,419,2 423,213,480,442,1
VOC2007/JPEGImages/000745.jpg 256,160,306,265,3 306,162,349,259,2
VOC2007/JPEGImages/0001007.jpg 171,182,217,326,2
VOC2007/JPEGImages/000102.jpg 635,109,692,315,0 838,145,931,432,0 1080,130,1149,311,0
VOC2007/JPEGImages/000603.jpg 297,168,350,296,1
VOC2007/JPEGImages/000825.jpg 58,197,124,362,2 259,161,323,276,0 330,152,351,203,1
VOC2007/JPEGImages/000698.jpg 341,181,423,359,2
VOC2007/JPEGImages/000542.jpg 242,424,573,1185,1
VOC2007/JPEGImages/000318.jpg 1,372,187,884,2 357,284,463,584,1 703,211,750,314,1
VOC2007/JPEGImages/000406.jpg 173,299,340,696,1
VOC2007/JPEGImages/000456.jpg 126,313,287,663,1
VOC2007/JPEGImages/000928.jpg 240,171,283,313,2 281,174,315,299,1
VOC2007/JPEGImages/0002087.jpg 479,6,580,249,0 631,89,763,482,0
VOC2007/JPEGImages/000245.jpg 360,268,420,461,1 307,274,397,464,1 203,351,327,691,1 1,721,299,1920,1 807,241,850,411,1 757,244,807,408,1
VOC2007/JPEGImages/0002163.jpg 428,5,542,245,0 289,182,477,559,0 796,62,936,373,0
VOC2007/JPEGImages/000499.jpg 170,301,342,688,1
VOC2007/JPEGImages/000537.jpg 251,351,517,896,1
VOC2007/JPEGImages/000157.jpg 297,288,404,539,1 826,188,875,276,1
VOC2007/JPEGImages/0001530.jpg 2,24,80,303,1 337,71,409,227,1
VOC2007/JPEGImages/000400.jpg 51,415,301,1054,1
VOC2007/JPEGImages/000762.jpg 43,174,96,305,2
VOC2007/JPEGImages/0002347.jpg 821,145,951,505,0
VOC2007/JPEGImages/0002274.jpg 19,238,123,480,0 682,113,796,326,0
VOC2007/JPEGImages/0001305.jpg 3,1,156,441,1
VOC2007/JPEGImages/0001293.jpg 2,3,99,230,1
VOC2007/JPEGImages/000557.jpg 329,349,531,843,1
VOC2007/JPEGImages/0001565.jpg 129,40,283,500,1
VOC2007/JPEGImages/000110.jpg 539,157,598,348,0 740,111,811,318,0 869,115,978,323,0
VOC2007/JPEGImages/000720.jpg 263,176,340,317,3 97,184,159,362,2
VOC2007/JPEGImages/000767.jpg 161,192,221,351,1
VOC2007/JPEGImages/000358.jpg 363,284,450,601,2 327,264,373,451,2
VOC2007/JPEGImages/000434.jpg 270,326,481,810,1
VOC2007/JPEGImages/000805.jpg 418,145,440,216,0 341,159,376,269,2
VOC2007/JPEGImages/000306.jpg 117,274,197,444,1 653,224,707,351,1 80,361,227,858,2
VOC2007/JPEGImages/0002005.jpg 311,201,413,481,0 565,137,677,345,1 1084,81,1189,323,1
VOC2007/JPEGImages/000462.jpg 365,265,501,607,1
VOC2007/JPEGImages/000083.jpg 446,128,520,350,0 522,161,672,471,0 640,137,744,366,0
VOC2007/JPEGImages/000450.jpg 709,499,990,1254,1
VOC2007/JPEGImages/000420.jpg 295,479,584,1215,1 537,265,640,529,1
VOC2007/JPEGImages/0002024.jpg 549,137,657,335,0 719,137,824,406,0
VOC2007/JPEGImages/0001714.jpg 3,7,83,240,1
VOC2007/JPEGImages/000593.jpg 177,174,225,299,1
VOC2007/JPEGImages/000416.jpg 454,265,592,560,1
VOC2007/JPEGImages/0002017.jpg 72,223,155,427,0 816,107,911,321,0
VOC2007/JPEGImages/0001044.jpg 329,163,359,281,2 271,162,306,253,1 233,172,275,275,1
VOC2007/JPEGImages/0002008.jpg 245,193,368,419,1 1164,167,1279,633,0
VOC2007/JPEGImages/0002040.jpg 284,217,412,489,0 953,94,1061,321,1
VOC2007/JPEGImages/000891.jpg 204,177,242,281,1
VOC2007/JPEGImages/0001521.jpg 131,78,207,234,1 263,64,340,227,1
VOC2007/JPEGImages/000635.jpg 126,171,179,297,3 204,163,248,285,2
VOC2007/JPEGImages/000075.jpg 597,148,666,289,1 558,201,635,376,0 663,185,756,477,0 771,168,866,395,0 329,204,435,454,0
VOC2007/JPEGImages/0002300.jpg 403,140,479,347,0 555,173,675,485,0
VOC2007/JPEGImages/0001055.jpg 240,170,280,292,2 320,177,372,318,1 55,197,118,368,1
VOC2007/JPEGImages/000753.jpg 168,162,199,265,2 293,173,337,311,3
VOC2007/JPEGImages/000284.jpg 140,268,220,481,2 307,261,383,468,1 687,328,837,771,1 830,234,887,398,1 697,261,750,401,1 3,281,77,541,1
VOC2007/JPEGImages/000453.jpg 198,315,390,710,1
VOC2007/JPEGImages/000845.jpg 235,204,312,454,0 190,142,203,183,1 326,169,375,309,2
VOC2007/JPEGImages/000427.jpg 301,351,495,818,1 323,276,426,526,1
VOC2007/JPEGImages/000076.jpg 253,179,334,386,0 327,235,439,599,0 687,172,787,403,0 579,194,648,364,0 835,136,893,296,1
VOC2007/JPEGImages/000709.jpg 246,167,291,286,2 383,218,479,496,3
VOC2007/JPEGImages/000399.jpg 84,421,334,1124,1
VOC2007/JPEGImages/000901.jpg 132,174,180,315,2
VOC2007/JPEGImages/000886.jpg 160,172,196,265,1 419,193,480,406,3
VOC2007/JPEGImages/0001102.jpg 310,190,369,390,1 225,187,277,323,1
VOC2007/JPEGImages/000333.jpg 133,288,290,644,2 390,301,523,651,2 797,338,930,844,1 790,238,840,384,1
VOC2007/JPEGImages/000864.jpg 163,195,236,385,0 80,172,128,309,2 72,153,83,176,1
VOC2007/JPEGImages/000376.jpg 501,282,631,679,1
VOC2007/JPEGImages/000968.jpg 286,177,350,321,2 208,190,278,377,1
VOC2007/JPEGImages/000190.jpg 390,368,538,854,1 524,275,621,544,1 873,230,931,406,1 721,185,762,261,1
VOC2007/JPEGImages/0001713.jpg 5,3,32,118,1
VOC2007/JPEGImages/000993.jpg 194,177,251,321,1
VOC2007/JPEGImages/0001550.jpg 91,31,287,500,1
VOC2007/JPEGImages/000785.jpg 169,175,225,341,0
VOC2007/JPEGImages/000410.jpg 212,293,351,607,1
VOC2007/JPEGImages/000375.jpg 559,463,879,1376,1
VOC2007/JPEGImages/000925.jpg 245,179,296,325,2 193,181,240,292,1
VOC2007/JPEGImages/0002270.jpg 563,106,665,338,0
VOC2007/JPEGImages/0001078.jpg 292,170,328,284,1 339,238,437,534,1
VOC2007/JPEGImages/000111.jpg 446,181,534,377,0 742,116,819,354,0 899,126,1006,372,0
VOC2007/JPEGImages/000301.jpg 597,234,650,374,1 327,284,413,591,1 240,321,357,718,2
VOC2007/JPEGImages/000425.jpg 309,368,504,885,1 351,265,431,485,1
VOC2007/JPEGImages/000438.jpg 631,290,770,768,1
VOC2007/JPEGImages/000232.jpg 490,338,653,834,1 93,451,400,978,1 100,328,260,591,1 790,254,837,421,1 843,238,907,391,1 703,254,770,454,1 663,248,723,448,1
VOC2007/JPEGImages/000056.jpg 157,338,244,583,1
VOC2007/JPEGImages/000220.jpg 860,238,910,398,1 833,244,890,408,1 650,201,690,324,1 463,291,570,584,1 3,348,147,738,1
VOC2007/JPEGImages/0001087.jpg 349,161,377,279,1 172,187,224,335,1
VOC2007/JPEGImages/000397.jpg 292,440,601,1263,1
VOC2007/JPEGImages/0002366.jpg 267,203,412,472,0 830,162,965,489,0 696,124,806,366,0
VOC2007/JPEGImages/000328.jpg 143,301,267,631,2 563,324,683,741,1 953,234,1007,368,1
VOC2007/JPEGImages/000195.jpg 1,584,104,1171,1 23,349,186,760,1 619,282,726,619,1 867,249,919,386,1 926,241,993,386,1
VOC2007/JPEGImages/0002292.jpg 489,198,609,529,0 787,94,923,366,0
VOC2007/JPEGImages/000820.jpg 72,178,124,312,2 343,159,388,272,0 374,151,388,186,1
VOC2007/JPEGImages/000289.jpg 583,301,697,651,1 527,251,580,468,1 903,241,970,388,1 210,278,293,521,2
VOC2007/JPEGImages/000415.jpg 420,274,529,590,1
VOC2007/JPEGImages/000140.jpg 589,451,845,1173,1 749,221,815,365,1
VOC2007/JPEGImages/000471.jpg 176,340,398,788,1
VOC2007/JPEGImages/000986.jpg 317,165,374,281,1 231,213,340,456,2
VOC2007/JPEGImages/0001029.jpg 342,179,393,333,2 263,171,304,273,1 132,183,182,320,1
VOC2007/JPEGImages/000418.jpg 537,260,654,543,1 537,543,862,1457,1
VOC2007/JPEGImages/000779.jpg 264,209,353,473,0
VOC2007/JPEGImages/0002029.jpg 171,193,255,387,0 512,213,664,497,0
VOC2007/JPEGImages/0001540.jpg 1,151,26,254,1 447,135,474,179,1 361,155,396,260,1 302,146,345,212,1 210,153,271,318,1
VOC2007/JPEGImages/000800.jpg 348,170,394,303,2 364,146,386,201,0
VOC2007/JPEGImages/0001082.jpg 277,205,346,410,1 373,165,410,268,1
VOC2007/JPEGImages/000359.jpg 340,281,437,624,2 287,278,340,591,2
VOC2007/JPEGImages/000558.jpg 354,351,570,871,1
VOC2007/JPEGImages/000910.jpg 258,173,304,276,1 332,182,392,312,1
VOC2007/JPEGImages/0002089.jpg 247,68,377,405,0 903,70,1044,424,0
VOC2007/JPEGImages/000832.jpg 300,169,346,309,0 185,220,260,470,2
VOC2007/JPEGImages/0002312.jpg 282,196,373,431,0 689,149,805,430,0 380,148,471,383,0
VOC2007/JPEGImages/000447.jpg 240,401,495,1054,1 926,443,1080,1319,1
VOC2007/JPEGImages/000972.jpg 175,188,242,357,2
VOC2007/JPEGImages/000281.jpg 10,271,87,491,2 113,291,203,508,1 180,268,263,461,1 813,354,1003,871,1 743,248,810,414,1 830,244,887,401,1
VOC2007/JPEGImages/000112.jpg 470,183,573,436,0 704,123,774,377,0 863,139,959,413,0
VOC2007/JPEGImages/000796.jpg 380,184,435,357,2 298,145,330,228,0
VOC2007/JPEGImages/000949.jpg 385,202,456,401,1 105,222,200,478,2
VOC2007/JPEGImages/000829.jpg 66,215,145,443,2 263,164,305,289,0
VOC2007/JPEGImages/000971.jpg 176,178,231,332,1 220,184,275,346,2
VOC2007/JPEGImages/000759.jpg 43,168,87,289,2 399,192,473,404,3
VOC2007/JPEGImages/0002230.jpg 623,3,744,280,0
VOC2007/JPEGImages/000367.jpg 617,310,798,810,2 40,338,217,729,2 131,329,281,688,1
VOC2007/JPEGImages/0001054.jpg 63,196,128,352,1 317,173,364,308,1 233,167,277,287,2
VOC2007/JPEGImages/000071.jpg 407,199,517,493,0 579,185,654,474,0 659,203,779,509,0 744,222,841,467,0 471,147,520,291,1
VOC2007/JPEGImages/000426.jpg 320,363,490,840,1 323,265,440,518,1
VOC2007/JPEGImages/000769.jpg 191,199,280,372,1
VOC2007/JPEGImages/000465.jpg 434,249,601,590,1
VOC2007/JPEGImages/000656.jpg 298,152,317,228,3 312,159,337,241,2
VOC2007/JPEGImages/0001717.jpg 7,2,37,123,1
VOC2007/JPEGImages/000349.jpg 1,319,97,651,1 690,214,737,318,1 210,268,293,501,2 467,248,547,508,2
VOC2007/JPEGImages/000865.jpg 65,154,74,176,1 71,175,124,315,2 196,202,277,397,3
VOC2007/JPEGImages/000524.jpg 198,443,504,1174,1
VOC2007/JPEGImages/0002290.jpg 291,201,409,447,0 794,111,933,405,0
VOC2007/JPEGImages/000780.jpg 231,199,327,454,0
VOC2007/JPEGImages/000347.jpg 77,321,187,658,1 693,224,737,338,1 140,264,233,501,2 413,234,473,484,2
VOC2007/JPEGImages/0001998.jpg 24,238,109,439,2 537,135,624,331,0
VOC2007/JPEGImages/0001580.jpg 1,141,72,465,1 98,59,328,500,1
VOC2007/JPEGImages/000571.jpg 629,332,806,896,1 809,371,926,874,1
VOC2007/JPEGImages/000730.jpg 343,189,413,365,2 160,160,202,263,3
VOC2007/JPEGImages/000016.jpg 710,27,865,351,0 858,2,954,276,0
VOC2007/JPEGImages/000740.jpg 357,165,393,282,2 280,155,323,245,3
VOC2007/JPEGImages/000244.jpg 3,914,279,1920,1 163,358,287,728,1 323,271,400,478,1 807,254,850,408,1 757,244,820,411,1
VOC2007/JPEGImages/0001299.jpg 1,3,118,317,1
VOC2007/JPEGImages/000894.jpg 154,180,229,291,1
VOC2007/JPEGImages/0002053.jpg 397,198,513,481,0 463,159,553,330,1 1133,131,1269,533,1
VOC2007/JPEGImages/0001000.jpg 216,197,283,404,1 274,188,329,352,2
VOC2007/JPEGImages/000839.jpg 219,146,236,184,1 209,175,273,364,0 384,189,447,376,2
VOC2007/JPEGImages/000623.jpg 29,183,89,312,1 225,173,267,324,2 242,200,312,403,3
VOC2007/JPEGImages/000790.jpg 167,166,214,296,0
VOC2007/JPEGImages/000527.jpg 190,432,534,1165,1
VOC2007/JPEGImages/000590.jpg 137,178,200,315,1
VOC2007/JPEGImages/000010.jpg 818,120,1023,699,1
VOC2007/JPEGImages/000563.jpg 240,468,515,1249,1
VOC2007/JPEGImages/000311.jpg 213,288,310,528,1 677,221,727,328,1 1,434,217,1151,2
VOC2007/JPEGImages/000165.jpg 671,399,864,973,1
VOC2007/JPEGImages/000458.jpg 151,301,265,649,1
VOC2007/JPEGImages/000310.jpg 1,436,207,1070,2 200,284,283,524,1 680,224,717,328,1
VOC2007/JPEGImages/0001516.jpg 264,11,378,300,1
VOC2007/JPEGImages/0001716.jpg 5,5,118,337,1
VOC2007/JPEGImages/000929.jpg 246,173,277,308,2 281,174,325,298,1
VOC2007/JPEGImages/000624.jpg 253,194,329,384,3 44,179,98,299,1 235,168,278,316,2
VOC2007/JPEGImages/000819.jpg 380,152,399,199,1 340,155,383,262,0 75,175,121,307,2
VOC2007/JPEGImages/000682.jpg 4,193,80,372,2 336,174,387,323,3
VOC2007/JPEGImages/000821.jpg 366,152,381,190,1 343,156,380,274,0 70,182,120,314,2
VOC2007/JPEGImages/000882.jpg 115,175,164,281,1 294,197,373,398,3
VOC2007/JPEGImages/000868.jpg 110,177,162,315,2 296,198,388,413,3
VOC2007/JPEGImages/0001281.jpg 4,1,67,156,1
VOC2007/JPEGImages/000407.jpg 156,307,309,657,1
VOC2007/JPEGImages/000249.jpg 23,501,310,1281,1 260,271,337,481,1 337,261,400,478,1 720,241,780,398,1 810,234,873,408,1 403,288,507,648,2
VOC2007/JPEGImages/000106.jpg 359,197,451,438,0 497,134,584,331,0
VOC2007/JPEGImages/000431.jpg 120,335,295,693,1 329,276,440,613,1
VOC2007/JPEGImages/000385.jpg 201,415,462,1029,1 306,299,412,568,1
VOC2007/JPEGImages/0001098.jpg 356,181,415,348,1 225,183,270,346,1
VOC2007/JPEGImages/0001045.jpg 215,174,248,282,1 287,164,318,255,1 311,165,355,282,2
VOC2007/JPEGImages/0002019.jpg 196,215,315,446,0 527,135,611,322,0
VOC2007/JPEGImages/000025.jpg 179,2,318,256,3
VOC2007/JPEGImages/000811.jpg 439,146,462,196,1 368,149,398,235,0 213,162,254,264,2
VOC2007/JPEGImages/0001522.jpg 103,164,214,500,1
VOC2007/JPEGImages/0002188.jpg 552,192,742,603,0 632,1,751,270,0 394,8,507,263,0
VOC2007/JPEGImages/000939.jpg 123,362,386,640,1 208,177,264,290,1 305,195,383,405,2
VOC2007/JPEGImages/000776.jpg 399,224,480,487,1
VOC2007/JPEGImages/000722.jpg 241,172,283,305,3 99,199,164,379,2
VOC2007/JPEGImages/0002302.jpg 431,164,531,405,0 726,100,826,341,0
VOC2007/JPEGImages/0001712.jpg 9,3,47,103,1
VOC2007/JPEGImages/0001929.jpg 300,171,412,382,3 955,121,1083,454,0
VOC2007/JPEGImages/000087.jpg 651,159,769,495,0 752,103,822,285,0 843,130,939,374,0
VOC2007/JPEGImages/000356.jpg 407,271,503,568,2 353,271,427,508,2
VOC2007/JPEGImages/000131.jpg 112,321,256,684,1 664,254,756,521,1
VOC2007/JPEGImages/0002034.jpg 188,194,264,391,0 467,161,591,402,3
VOC2007/JPEGImages/0002002.jpg 325,206,443,513,0 521,142,605,330,1 1033,126,1177,506,1
VOC2007/JPEGImages/0001554.jpg 97,145,239,375,1
VOC2007/JPEGImages/000655.jpg 300,152,327,239,2 282,149,306,231,3
VOC2007/JPEGImages/0002295.jpg 359,170,491,422,0 996,89,1133,380,0
VOC2007/JPEGImages/0001004.jpg 162,180,207,326,2 383,206,472,439,1
VOC2007/JPEGImages/000275.jpg 243,274,323,501,1 77,278,167,494,1 600,341,743,798,1 717,261,770,421,1 943,238,1000,378,1
VOC2007/JPEGImages/0001568.jpg 315,135,461,375,1
VOC2007/JPEGImages/000877.jpg 158,191,228,372,3
VOC2007/JPEGImages/000763.jpg 80,176,139,328,2
VOC2007/JPEGImages/000536.jpg 356,326,584,871,1
VOC2007/JPEGImages/000866.jpg 236,199,296,400,3 80,176,130,320,2
VOC2007/JPEGImages/0001721.jpg 1,1,41,135,1
VOC2007/JPEGImages/000643.jpg 80,159,95,192,1 142,159,182,255,3 197,161,233,253,2
VOC2007/JPEGImages/0002293.jpg 633,120,730,371,0 694,167,828,508,0
VOC2007/JPEGImages/0001046.jpg 290,168,330,283,2 190,177,233,284,1
VOC2007/JPEGImages/000378.jpg 515,301,673,654,1
VOC2007/JPEGImages/0002367.jpg 365,171,494,452,0 979,113,1124,415,0 582,153,694,403,0
VOC2007/JPEGImages/0002317.jpg 424,185,537,445,0 149,184,263,431,0 868,102,981,362,0
VOC2007/JPEGImages/000873.jpg 171,174,213,307,2 258,195,325,375,3
VOC2007/JPEGImages/000920.jpg 336,175,413,337,2 204,170,246,263,1
VOC2007/JPEGImages/0001557.jpg 63,182,104,299,1 129,200,154,263,1
VOC2007/JPEGImages/000216.jpg 290,308,407,628,1 313,284,410,558,1 860,248,907,401,1 830,254,893,408,1 610,214,660,351,1
VOC2007/JPEGImages/000015.jpg 445,2,555,189,1 842,46,1006,399,0 969,15,1067,329,0
VOC2007/JPEGImages/000814.jpg 143,165,186,271,2 337,149,365,241,0 414,144,440,198,1
VOC2007/JPEGImages/000020.jpg 655,23,769,377,0 89,1,186,161,3 479,1,619,207,1
VOC2007/JPEGImages/000052.jpg 379,367,498,717,1
VOC2007/JPEGImages/000059.jpg 410,79,494,331,0 693,77,781,263,0 799,36,873,265,0 970,27,1044,230,0
VOC2007/JPEGImages/000380.jpg 487,293,640,646,1 4,596,326,1499,1
VOC2007/JPEGImages/000760.jpg 430,199,480,441,3 39,174,83,289,2
VOC2007/JPEGImages/000270.jpg 247,278,307,498,1 307,324,443,701,1 750,251,800,414,1
VOC2007/JPEGImages/000162.jpg 556,347,745,836,1
VOC2007/JPEGImages/000838.jpg 383,192,470,399,2 213,175,281,346,0 223,144,246,178,1
VOC2007/JPEGImages/000849.jpg 258,163,304,291,2 362,198,436,426,0
VOC2007/JPEGImages/0001527.jpg 167,147,232,287,1 371,169,414,286,1 320,158,375,288,1 291,174,339,292,1 239,160,301,290,1 227,157,260,279,1
VOC2007/JPEGImages/000152.jpg 504,295,619,610,1 778,191,823,314,1
VOC2007/JPEGImages/000304.jpg 53,298,167,618,1 157,278,220,461,1 623,241,687,361,1 190,338,337,781,2
VOC2007/JPEGImages/000810.jpg 236,162,271,261,2 381,145,411,232,0 450,148,469,198,1
VOC2007/JPEGImages/000290.jpg 207,268,297,538,2 570,298,673,631,1 920,238,983,404,1 543,251,597,418,1
VOC2007/JPEGImages/000875.jpg 177,173,221,299,2 215,192,270,361,3
VOC2007/JPEGImages/000765.jpg 116,183,177,335,2
VOC2007/JPEGImages/000153.jpg 449,295,549,591,1 789,191,838,317,1
VOC2007/JPEGImages/000998.jpg 175,187,239,378,1 323,190,412,373,2
VOC2007/JPEGImages/000732.jpg 343,179,416,346,2 186,155,226,255,3
VOC2007/JPEGImages/0001937.jpg 131,243,247,478,0 767,125,917,413,2
VOC2007/JPEGImages/000515.jpg 226,563,590,1479,1
VOC2007/JPEGImages/000351.jpg 690,211,737,318,1 523,248,603,511,2 293,271,393,488,2
VOC2007/JPEGImages/0001537.jpg 47,42,211,376,1 348,166,369,236,1
VOC2007/JPEGImages/000955.jpg 157,182,220,341,2 367,210,455,419,1
VOC2007/JPEGImages/000123.jpg 1,455,212,1080,1 652,262,756,454,1 719,328,875,773,1
VOC2007/JPEGImages/0001080.jpg 298,223,384,462,1 336,168,375,251,1
VOC2007/JPEGImages/000884.jpg 127,169,165,271,1 355,196,440,398,3
VOC2007/JPEGImages/0002048.jpg 64,250,163,479,2 423,147,496,325,0
VOC2007/JPEGImages/000169.jpg 142,423,380,1051,1
VOC2007/JPEGImages/000969.jpg 190,189,258,365,1 273,180,330,334,2
VOC2007/JPEGImages/0001071.jpg 262,188,318,367,1
VOC2007/JPEGImages/000757.jpg 83,168,130,285,2 344,182,416,370,3
VOC2007/JPEGImages/0001992.jpg 800,181,1019,537,1 4,233,97,419,0
VOC2007/JPEGImages/0001052.jpg 95,191,145,330,1 308,168,354,287,1 226,165,265,274,2
VOC2007/JPEGImages/000302.jpg 217,328,353,731,2 610,234,653,371,1
VOC2007/JPEGImages/000021.jpg 180,1,273,211,1 255,1,330,175,3 496,1,611,283,0
VOC2007/JPEGImages/000801.jpg 380,147,400,218,0 348,164,390,298,2
VOC2007/JPEGImages/000905.jpg 166,179,208,301,1 235,175,277,318,2
VOC2007/JPEGImages/000686.jpg 1,228,36,422,1 336,183,407,379,3
VOC2007/JPEGImages/000392.jpg 76,357,267,788,1 37,301,154,593,1 279,263,390,504,1
VOC2007/JPEGImages/000027.jpg 401,25,552,339,3
VOC2007/JPEGImages/000113.jpg 453,192,578,529,0 746,189,854,460,0 584,119,655,327,0
VOC2007/JPEGImages/000107.jpg 57,201,173,534,0 340,201,444,445,0 670,113,738,291,0
VOC2007/JPEGImages/000354.jpg 367,258,450,514,2 480,251,603,554,2
VOC2007/JPEGImages/0002125.jpg 263,143,410,528,0 387,22,505,292,0 865,71,1016,412,0
VOC2007/JPEGImages/0002067.jpg 828,6,947,285,0
VOC2007/JPEGImages/0001525.jpg 24,186,132,375,1
VOC2007/JPEGImages/000072.jpg 246,187,335,383,0 349,185,428,392,0 558,234,670,489,0 636,165,704,383,0 473,148,519,289,1
VOC2007/JPEGImages/000827.jpg 40,205,116,400,2 249,162,298,289,0 314,152,334,198,1
VOC2007/JPEGImages/0001573.jpg 75,82,310,500,1
VOC2007/JPEGImages/0002346.jpg 700,170,842,524,0
VOC2007/JPEGImages/000323.jpg 1,373,67,744,1 397,301,513,654,1 563,358,700,538,1 717,208,773,301,1
VOC2007/JPEGImages/000215.jpg 863,241,910,394,1 837,244,890,408,1 597,221,647,351,1 343,298,477,598,1 253,284,377,554,1
VOC2007/JPEGImages/000267.jpg 260,318,390,658,1 763,251,837,411,1 923,238,997,381,1
VOC2007/JPEGImages/000038.jpg 869,8,960,270,3
VOC2007/JPEGImages/000144.jpg 656,369,864,854,1 745,214,797,343,1
VOC2007/JPEGImages/000661.jpg 318,161,354,264,2 372,151,401,227,3
VOC2007/JPEGImages/000137.jpg 160,391,356,895,1 745,228,808,414,1
VOC2007/JPEGImages/000840.jpg 372,186,437,372,2 194,180,265,373,0 210,142,231,187,1
VOC2007/JPEGImages/000496.jpg 212,301,370,629,1
VOC2007/JPEGImages/000149.jpg 571,306,708,684,1 745,206,801,325,1
VOC2007/JPEGImages/000374.jpg 445,304,592,693,1
VOC2007/JPEGImages/0001579.jpg 355,78,494,375,1
VOC2007/JPEGImages/000132.jpg 197,310,312,654,1 675,251,782,510,1
VOC2007/JPEGImages/000314.jpg 47,431,280,1064,2 290,284,380,548,1 687,218,727,324,1
VOC2007/JPEGImages/000947.jpg 127,233,248,533,2 331,192,406,367,1
VOC2007/JPEGImages/0002026.jpg 449,162,541,387,0 864,109,960,339,0
VOC2007/JPEGImages/0001289.jpg 2,6,111,325,1
VOC2007/JPEGImages/0001560.jpg 84,149,245,498,1 192,152,300,404,1
VOC2007/JPEGImages/0001020.jpg 106,212,188,457,1 208,188,264,354,1 363,195,431,406,2
VOC2007/JPEGImages/0002018.jpg 71,233,164,474,0 660,122,747,311,0
VOC2007/JPEGImages/000477.jpg 273,374,542,910,1 726,301,906,799,1
VOC2007/JPEGImages/000751.jpg 206,159,240,261,2 270,168,317,292,3
VOC2007/JPEGImages/0002027.jpg 349,170,456,371,0 933,117,1055,395,0
VOC2007/JPEGImages/0001528.jpg 67,29,217,375,1
VOC2007/JPEGImages/0001002.jpg 311,205,386,419,1 194,185,255,337,2
VOC2007/JPEGImages/0001546.jpg 323,154,412,361,1
VOC2007/JPEGImages/0002318.jpg 779,135,921,420,0 431,174,552,449,0 260,167,387,389,0
VOC2007/JPEGImages/0002022.jpg 259,182,337,375,0 376,213,500,494,0
VOC2007/JPEGImages/000335.jpg 340,301,463,664,2 230,278,333,584,2 727,338,850,784,1 753,238,793,341,1
VOC2007/JPEGImages/000547.jpg 740,618,1080,1618,1
VOC2007/JPEGImages/000889.jpg 199,171,234,280,1
VOC2007/JPEGImages/000598.jpg 270,163,314,288,1
VOC2007/JPEGImages/0001520.jpg 2,198,41,336,1 386,151,500,373,1 67,190,94,243,1 360,182,386,245,1 336,175,369,246,1 317,183,344,236,1
VOC2007/JPEGImages/0002004.jpg 200,218,296,474,0 707,123,816,383,1 851,110,956,326,1
VOC2007/JPEGImages/0002361.jpg 900,131,1023,468,0 9,242,107,464,0 303,148,409,378,0
VOC2007/JPEGImages/0001014.jpg 176,255,295,618,1 392,229,474,478,1
VOC2007/JPEGImages/000064.jpg 212,195,285,397,0 362,186,447,442,0 507,196,570,359,0 626,151,677,297,0 493,150,535,309,1
VOC2007/JPEGImages/000239.jpg 357,494,627,1244,1 767,248,820,418,1 817,234,867,414,1 467,258,530,471,1 433,258,500,458,1
VOC2007/JPEGImages/000583.jpg 37,201,117,390,1
VOC2007/JPEGImages/000922.jpg 177,169,219,273,1 314,175,392,339,2
VOC2007/JPEGImages/000022.jpg 655,1,765,283,0
VOC2007/JPEGImages/000481.jpg 267,318,448,724,1 731,332,904,921,1
VOC2007/JPEGImages/0002066.jpg 816,66,951,412,0
VOC2007/JPEGImages/0001060.jpg 393,197,473,407,1 227,187,279,330,1 106,216,178,420,1
VOC2007/JPEGImages/000789.jpg 163,172,215,299,0
VOC2007/JPEGImages/000487.jpg 101,385,342,1051,1 542,288,665,601,1
VOC2007/JPEGImages/0001286.jpg 2,2,53,138,1
VOC2007/JPEGImages/000852.jpg 367,182,446,380,0 229,163,262,280,2
VOC2007/JPEGImages/000024.jpg 922,3,1049,282,0
VOC2007/JPEGImages/000816.jpg 101,172,153,280,2 336,152,374,252,0 400,149,419,198,1
VOC2007/JPEGImages/000268.jpg 247,321,390,664,1 760,248,820,411,1
VOC2007/JPEGImages/000340.jpg 437,338,557,748,1 697,231,740,358,1 283,251,383,518,2 47,291,183,621,2 770,188,810,274,1
VOC2007/JPEGImages/000788.jpg 158,173,212,309,0
VOC2007/JPEGImages/0001083.jpg 379,165,425,270,1 258,198,327,386,1
VOC2007/JPEGImages/000512.jpg 454,454,792,1151,1
VOC2007/JPEGImages/000921.jpg 188,171,233,266,1 340,176,393,340,2
VOC2007/JPEGImages/000371.jpg 859,351,1079,1113,2 298,301,448,696,1
VOC2007/JPEGImages/000327.jpg 517,321,653,704,1 593,268,663,344,1 1010,238,1057,338,1 73,291,210,638,2
VOC2007/JPEGImages/0001030.jpg 145,178,192,315,1 276,168,311,268,1 338,175,387,322,2
VOC2007/JPEGImages/000167.jpg 459,430,697,1068,1
VOC2007/JPEGImages/0001532.jpg 47,125,296,468,1
VOC2007/JPEGImages/000063.jpg 258,185,343,432,0 316,181,375,367,0 591,184,645,341,0 652,146,699,280,0 492,148,534,301,1
VOC2007/JPEGImages/000632.jpg 1,238,72,506,1 116,165,146,250,1 145,177,193,323,3 246,164,288,288,2
VOC2007/JPEGImages/0001065.jpg 263,282,377,640,1 312,196,402,322,1
VOC2007/JPEGImages/000936.jpg 6,251,137,542,1 186,165,229,282,1 294,185,363,352,2
VOC2007/JPEGImages/000234.jpg 57,321,200,681,1 490,378,677,904,1 763,251,823,418,1 850,244,903,398,1 637,258,713,458,1 593,244,647,448,1
VOC2007/JPEGImages/000242.jpg 27,674,410,1738,1 23,354,173,704,1 380,261,443,474,1 770,244,820,414,1 810,238,857,414,1
VOC2007/JPEGImages/000738.jpg 347,167,410,291,2 262,155,296,248,3
VOC2007/JPEGImages/000930.jpg 245,170,280,310,2 283,177,331,299,1
VOC2007/JPEGImages/000254.jpg 213,381,393,898,1 737,248,803,401,1 817,241,877,414,1 540,278,637,568,2
VOC2007/JPEGImages/000694.jpg 246,205,336,431,2
VOC2007/JPEGImages/0002364.jpg 214,187,309,419,0 982,80,1110,335,0 425,185,552,473,0
VOC2007/JPEGImages/000744.jpg 320,161,361,262,2 263,159,308,257,3
VOC2007/JPEGImages/000977.jpg 1,190,54,404,2 227,167,281,280,1
VOC2007/JPEGImages/0001005.jpg 161,177,201,324,2 435,212,480,443,1
VOC2007/JPEGImages/0001985.jpg 452,151,539,326,3 783,119,897,379,3
VOC2007/JPEGImages/000828.jpg 305,153,323,192,1 250,159,306,290,0 49,211,126,416,2
VOC2007/JPEGImages/000108.jpg 759,142,814,316,0 828,94,881,273,0 931,112,1009,315,0
VOC2007/JPEGImages/000217.jpg 213,321,363,654,1 353,284,447,554,1 620,214,667,338,1 863,254,903,388,1 827,251,893,404,1
VOC2007/JPEGImages/0002054.jpg 260,221,383,497,0 597,134,676,333,1 932,122,1069,438,1
VOC2007/JPEGImages/000031.jpg 118,2,226,210,3 778,2,871,259,3
VOC2007/JPEGImages/000713.jpg 160,170,201,299,2 215,196,293,402,3
VOC2007/JPEGImages/000918.jpg 349,173,415,321,2 254,165,288,258,1
VOC2007/JPEGImages/000695.jpg 291,195,364,409,2
VOC2007/JPEGImages/000495.jpg 273,299,404,607,1
VOC2007/JPEGImages/0001976.jpg 299,170,391,374,0 891,134,1009,431,0
VOC2007/JPEGImages/000001.jpg 571,21,697,348,0
VOC2007/JPEGImages/000417.jpg 779,585,1073,1624,1 515,257,617,554,1
VOC2007/JPEGImages/000734.jpg 343,173,406,323,2 216,153,257,249,3
VOC2007/JPEGImages/000691.jpg 123,218,201,476,2 442,252,480,480,3
VOC2007/JPEGImages/000507.jpg 181,393,387,915,1
VOC2007/JPEGImages/000116.jpg 159,229,255,475,1
VOC2007/JPEGImages/0001515.jpg 152,199,258,407,1
VOC2007/JPEGImages/0001987.jpg 528,187,680,501,0 680,130,797,323,1
VOC2007/JPEGImages/000523.jpg 237,440,590,1274,1
VOC2007/JPEGImages/0002060.jpg 323,184,442,440,1
VOC2007/JPEGImages/000236.jpg 560,251,620,451,1 537,254,587,451,1 23,311,157,648,1 453,424,680,1048,1 760,248,817,414,1 833,241,890,401,1
VOC2007/JPEGImages/000663.jpg 316,159,353,271,2 390,152,420,229,3
VOC2007/JPEGImages/000482.jpg 301,301,445,693,1 615,351,856,929,1
VOC2007/JPEGImages/0002339.jpg 161,229,284,487,0 343,158,458,373,0 909,128,1065,452,3
VOC2007/JPEGImages/000770.jpg 217,200,286,375,1
VOC2007/JPEGImages/000859.jpg 131,168,173,278,2 193,173,245,345,0 116,149,129,181,1
VOC2007/JPEGImages/000184.jpg 155,289,252,571,1 573,309,690,647,1
VOC2007/JPEGImages/000305.jpg 120,358,280,811,2 1,329,117,634,1 637,234,693,358,1 127,281,220,354,1
VOC2007/JPEGImages/000093.jpg 483,129,575,334,0 593,188,686,433,0 727,141,843,432,0 930,130,1025,383,0
VOC2007/JPEGImages/0001049.jpg 236,164,270,271,2 305,166,338,274,1 129,178,178,305,1
VOC2007/JPEGImages/000654.jpg 261,151,292,232,3 289,156,315,238,2
VOC2007/JPEGImages/000516.jpg 65,568,406,1496,1
VOC2007/JPEGImages/000528.jpg 326,413,598,1196,1
VOC2007/JPEGImages/000597.jpg 248,166,295,283,1
VOC2007/JPEGImages/000257.jpg 233,274,293,484,1 277,351,423,804,1 773,244,820,411,1 817,238,873,404,1 427,284,540,558,2
VOC2007/JPEGImages/000677.jpg 314,165,355,282,3 102,172,155,310,2
VOC2007/JPEGImages/0001570.jpg 249,206,313,385,1
VOC2007/JPEGImages/0002337.jpg 26,238,117,456,0 195,215,314,457,0 545,149,665,422,3
VOC2007/JPEGImages/000011.jpg 817,230,1115,716,1
VOC2007/JPEGImages/000812.jpg 193,161,228,267,2 350,151,389,234,0 429,150,452,197,1
VOC2007/JPEGImages/000251.jpg 137,454,367,1124,1 297,271,380,478,1 223,268,313,471,1 727,251,777,408,1 810,241,873,414,1 473,294,577,604,1
VOC2007/JPEGImages/000725.jpg 157,210,251,429,2 184,166,220,239,3
VOC2007/JPEGImages/000246.jpg 1,631,293,1718,1 360,264,413,458,1 257,341,387,688,1 750,251,803,401,1 803,238,853,404,1
VOC2007/JPEGImages/000565.jpg 226,563,626,1590,1
VOC2007/JPEGImages/000086.jpg 634,132,730,413,0 757,150,862,447,0 906,102,975,289,0
VOC2007/JPEGImages/000605.jpg 275,175,323,315,1
VOC2007/JPEGImages/0002030.jpg 332,217,439,477,0 271,167,349,345,0
VOC2007/JPEGImages/000166.jpg 589,425,878,1047,1
VOC2007/JPEGImages/0002319.jpg 410,131,496,347,0 480,178,586,449,0 678,184,812,487,0
VOC2007/JPEGImages/000208.jpg 227,438,503,1168,1 67,318,210,658,1 320,288,423,521,1 447,238,517,404,1 833,244,890,401,1 850,238,907,414,1
VOC2007/JPEGImages/000180.jpg 7,330,169,768,1 376,264,459,492,1
VOC2007/JPEGImages/0002049.jpg 3,250,95,461,2 493,133,593,342,0
VOC2007/JPEGImages/0001068.jpg 320,202,400,424,1
VOC2007/JPEGImages/000361.jpg 323,294,450,694,2 197,301,317,618,2 1,329,73,654,1
VOC2007/JPEGImages/000783.jpg 181,182,252,379,0
VOC2007/JPEGImages/000587.jpg 105,192,165,338,1
VOC2007/JPEGImages/000513.jpg 437,479,809,1285,1
VOC2007/JPEGImages/000436.jpg 526,293,684,704,1
VOC2007/JPEGImages/000897.jpg 67,181,111,309,1 103,178,152,303,1
VOC2007/JPEGImages/0002044.jpg 11,226,96,410,0 699,201,844,561,1
VOC2007/JPEGImages/000639.jpg 190,162,223,275,2 135,162,175,270,3
VOC2007/JPEGImages/000649.jpg 230,154,259,238,2 191,151,225,242,3
VOC2007/JPEGImages/000379.jpg 506,288,648,635,1
VOC2007/JPEGImages/000881.jpg 115,177,165,284,1 261,196,330,399,3
VOC2007/JPEGImages/000595.jpg 206,168,254,286,1
VOC2007/JPEGImages/000061.jpg 460,113,630,479,0 749,95,850,331,0 854,44,922,269,0 910,19,967,214,0
VOC2007/JPEGImages/000366.jpg 554,299,729,776,2 95,307,242,713,2 62,285,184,635,1
VOC2007/JPEGImages/000996.jpg 175,184,232,359,1 408,190,480,408,2
VOC2007/JPEGImages/0002014.jpg 444,154,547,359,0
VOC2007/JPEGImages/000614.jpg 308,190,391,364,1 5,255,84,528,1
VOC2007/JPEGImages/000711.jpg 195,169,239,289,2 288,209,381,436,3
VOC2007/JPEGImages/0002009.jpg 419,179,533,434,1
VOC2007/JPEGImages/000125.jpg 1,388,178,939,1 634,299,801,673,1 860,254,941,395,1
VOC2007/JPEGImages/000139.jpg 426,480,686,1247,1 756,214,812,365,1
VOC2007/JPEGImages/0002045.jpg 109,199,207,383,0 473,221,625,523,1
VOC2007/JPEGImages/000519.jpg 256,663,712,1699,1
VOC2007/JPEGImages/000355.jpg 363,261,443,514,2 440,264,543,554,2
VOC2007/JPEGImages/000142.jpg 708,391,938,1010,1 741,214,815,362,1
VOC2007/JPEGImages/0001932.jpg 393,209,516,473,0 459,159,552,375,0
VOC2007/JPEGImages/000715.jpg 135,178,175,310,2 200,187,271,386,3
VOC2007/JPEGImages/0001021.jpg 343,197,412,397,2 214,187,266,339,1 109,207,192,431,1
VOC2007/JPEGImages/0002299.jpg 261,170,370,389,0 719,140,844,422,0
VOC2007/JPEGImages/0002058.jpg 307,164,410,356,1 663,168,803,513,0
VOC2007/JPEGImages/0001011.jpg 254,188,318,367,2
VOC2007/JPEGImages/000533.jpg 690,357,917,943,1
VOC2007/JPEGImages/000835.jpg 336,210,431,464,2 277,169,340,325,0
VOC2007/JPEGImages/000697.jpg 330,189,402,379,2
VOC2007/JPEGImages/000478.jpg 237,382,462,843,1 798,338,1001,838,1
VOC2007/JPEGImages/000019.jpg 895,39,1026,411,0
VOC2007/JPEGImages/0002007.jpg 245,187,329,389,1 804,166,936,539,0
VOC2007/JPEGImages/000696.jpg 310,192,393,397,2
VOC2007/JPEGImages/000974.jpg 195,174,237,308,1 90,191,168,369,2
VOC2007/JPEGImages/000051.jpg 287,389,449,804,1
VOC2007/JPEGImages/000742.jpg 351,162,385,270,2 274,160,321,252,3
VOC2007/JPEGImages/000600.jpg 295,163,340,287,1
VOC2007/JPEGImages/000854.jpg 340,179,408,356,0 201,164,244,269,2
VOC2007/JPEGImages/000609.jpg 169,183,227,336,1
VOC2007/JPEGImages/000870.jpg 141,173,198,314,2 315,191,406,392,3
VOC2007/JPEGImages/000160.jpg 578,328,741,747,1
VOC2007/JPEGImages/0001563.jpg 148,16,254,301,1 100,152,167,288,1
VOC2007/JPEGImages/0001534.jpg 146,124,207,278,1
VOC2007/JPEGImages/0001955.jpg 285,222,464,502,3 1000,83,1120,378,0
VOC2007/JPEGImages/0001085.jpg 376,164,411,282,1 224,188,285,355,1
VOC2007/JPEGImages/000608.jpg 202,186,262,330,1
VOC2007/JPEGImages/000402.jpg 120,371,315,926,1
VOC2007/JPEGImages/000266.jpg 263,318,380,651,1 770,244,833,414,1 847,251,927,388,1
VOC2007/JPEGImages/000687.jpg 1,227,40,464,2 340,194,413,407,3
VOC2007/JPEGImages/000240.jpg 260,534,563,1368,1 767,244,823,414,1 813,238,867,418,1 433,261,513,474,1 407,261,467,471,1
VOC2007/JPEGImages/000564.jpg 215,507,551,1399,1
VOC2007/JPEGImages/0002278.jpg 116,205,235,396,0 538,128,645,361,0
VOC2007/JPEGImages/000772.jpg 251,210,333,406,1
VOC2007/JPEGImages/000460.jpg 267,282,412,635,1
VOC2007/JPEGImages/000377.jpg 515,285,648,679,1
VOC2007/JPEGImages/0002065.jpg 700,159,858,589,0
VOC2007/JPEGImages/000103.jpg 601,116,671,321,0 702,173,799,494,0 1007,135,1075,334,0
VOC2007/JPEGImages/000127.jpg 1,354,160,832,1 623,276,752,602,1
VOC2007/JPEGImages/000723.jpg 110,206,164,409,2 219,176,269,299,3
VOC2007/JPEGImages/000005.jpg 1023,18,1162,316,0 337,1,432,215,3
VOC2007/JPEGImages/000088.jpg 411,146,511,376,0 506,154,615,469,0 778,107,853,294,0
VOC2007/JPEGImages/000095.jpg 562,121,658,308,0 790,148,868,342,0 970,101,1036,306,0
VOC2007/JPEGImages/000927.jpg 240,180,275,313,1 285,176,312,300,1
VOC2007/JPEGImages/000606.jpg 259,184,314,317,1
VOC2007/JPEGImages/000858.jpg 221,173,265,340,0 130,169,176,275,2
VOC2007/JPEGImages/000954.jpg 136,181,193,353,2 412,213,480,436,1
VOC2007/JPEGImages/000096.jpg 764,107,826,281,0 844,136,906,318,0 946,104,1023,323,0
VOC2007/JPEGImages/000381.jpg 98,557,476,1454,1 462,290,587,626,1
VOC2007/JPEGImages/000508.jpg 131,371,392,943,1
VOC2007/JPEGImages/000443.jpg 704,363,906,1035,1 1,393,195,974,1
VOC2007/JPEGImages/000039.jpg 767,2,861,240,3
VOC2007/JPEGImages/000081.jpg 486,142,580,409,0 703,113,769,296,0 747,109,842,337,0
VOC2007/JPEGImages/000777.jpg 330,225,455,556,0
VOC2007/JPEGImages/000941.jpg 250,179,297,305,1 280,215,381,456,2
VOC2007/JPEGImages/000173.jpg 145,268,245,495,1 500,399,714,1137,1
VOC2007/JPEGImages/000089.jpg 296,158,401,420,0 516,140,612,423,0 665,114,739,300,0 1029,139,1111,348,0
VOC2007/JPEGImages/000203.jpg 1,332,146,773,1 109,300,212,564,1 173,255,252,437,1 464,358,630,918,1 833,246,888,412,1 864,243,918,391,1
VOC2007/JPEGImages/0001977.jpg 169,201,275,394,0 669,190,807,498,0
VOC2007/JPEGImages/000613.jpg 314,187,376,364,1 1,275,82,587,1
VOC2007/JPEGImages/0001016.jpg 280,213,355,435,1 140,238,248,542,1
VOC2007/JPEGImages/000890.jpg 201,176,246,282,1
VOC2007/JPEGImages/0002291.jpg 331,210,466,491,0 843,92,978,373,0
VOC2007/JPEGImages/000659.jpg 345,154,374,229,3 314,156,347,250,2
VOC2007/JPEGImages/000747.jpg 250,162,292,269,3 290,160,326,265,2
VOC2007/JPEGImages/000413.jpg 309,276,417,582,1
VOC2007/JPEGImages/000809.jpg 393,146,422,229,0 456,145,476,197,1 265,159,299,261,2
VOC2007/JPEGImages/0001088.jpg 322,166,360,279,1 151,187,190,325,1
VOC2007/JPEGImages/000818.jpg 74,174,129,293,2 343,155,378,255,0 386,154,403,204,1
VOC2007/JPEGImages/0002020.jpg 344,186,453,413,0 419,153,493,323,0
VOC2007/JPEGImages/000799.jpg 347,146,365,212,0 343,176,387,315,2
VOC2007/JPEGImages/000148.jpg 582,321,719,717,1 745,202,793,328,1
VOC2007/JPEGImages/000099.jpg 385,163,468,477,0 543,170,652,481,0 673,185,785,440,0
VOC2007/JPEGImages/000963.jpg 154,232,262,473,1 389,219,476,481,1 352,166,404,299,2
VOC2007/JPEGImages/0002314.jpg 249,166,356,385,0 873,139,1009,471,0 420,187,537,443,0
VOC2007/JPEGImages/000830.jpg 269,165,326,295,0 84,211,175,443,2
VOC2007/JPEGImages/000319.jpg 363,294,477,614,1 703,218,750,318,1 1,354,150,844,2
VOC2007/JPEGImages/000265.jpg 250,321,373,641,1 773,244,820,408,1 823,238,873,394,1 1,306,80,618,2
VOC2007/JPEGImages/000953.jpg 121,192,196,368,2
VOC2007/JPEGImages/0001056.jpg 65,199,123,371,1 325,178,378,323,1 243,173,287,301,2
VOC2007/JPEGImages/0002041.jpg 171,219,279,465,0 1093,87,1184,345,1
VOC2007/JPEGImages/000966.jpg 281,196,338,400,1 336,172,383,304,2 356,269,469,631,1
VOC2007/JPEGImages/000855.jpg 188,165,220,269,2 321,172,377,340,0
VOC2007/JPEGImages/000642.jpg 198,158,233,257,2 138,158,173,262,3 95,158,119,192,1
VOC2007/JPEGImages/000581.jpg 35,208,113,405,1
VOC2007/JPEGImages/0002372.jpg 247,159,354,373,0 987,73,1123,336,0 568,169,677,443,0
VOC2007/JPEGImages/000525.jpg 181,415,495,1146,1
VOC2007/JPEGImages/000138.jpg 201,484,434,1273,1 756,217,823,373,1
VOC2007/JPEGImages/000411.jpg 265,276,379,588,1
VOC2007/JPEGImages/000243.jpg 1,784,288,1920,1 97,354,260,734,1 347,261,427,474,1 807,254,857,411,1 763,258,813,411,1
VOC2007/JPEGImages/000909.jpg 248,172,280,283,1 323,180,382,310,1
VOC2007/JPEGImages/000155.jpg 360,288,467,573,1 812,199,864,288,1
VOC2007/JPEGImages/0002088.jpg 331,31,470,305,0 837,103,1016,492,0
VOC2007/JPEGImages/0002098.jpg 431,31,557,324,0 840,1,951,273,0
VOC2007/JPEGImages/0001541.jpg 132,67,235,333,1 210,58,313,329,1
VOC2007/JPEGImages/000201.jpg 1,368,130,845,1 108,308,226,601,1 8,267,82,452,1 619,338,782,815,1 834,241,886,404,1 867,226,908,393,1
VOC2007/JPEGImages/000672.jpg 171,169,213,296,2 316,158,350,249,3
VOC2007/JPEGImages/0001031.jpg 348,173,393,318,2 281,167,312,263,1 152,172,202,301,1
VOC2007/JPEGImages/000248.jpg 1,526,340,1358,1 353,294,487,664,2 267,271,343,478,1 737,241,790,398,1 813,234,870,424,1
VOC2007/JPEGImages/000390.jpg 170,382,356,863,1 145,326,242,610,1
VOC2007/JPEGImages/0001571.jpg 172,63,265,264,1
VOC2007/JPEGImages/0002052.jpg 337,174,421,357,1 499,155,607,430,0
VOC2007/JPEGImages/000479.jpg 240,338,431,804,1 784,326,970,854,1
VOC2007/JPEGImages/000517.jpg 1,582,431,1535,1
VOC2007/JPEGImages/000391.jpg 115,360,309,832,1 73,301,195,576,1 223,276,309,499,1
VOC2007/JPEGImages/0001980.jpg 108,241,229,467,0 429,142,528,325,3
VOC2007/JPEGImages/000733.jpg 201,155,235,257,3 348,182,409,337,2
VOC2007/JPEGImages/000457.jpg 90,279,267,657,1
VOC2007/JPEGImages/000067.jpg 328,186,415,444,0 472,231,551,477,0 586,193,693,498,0 798,183,904,428,0 472,143,517,286,1
VOC2007/JPEGImages/000161.jpg 582,343,734,799,1
VOC2007/JPEGImages/000699.jpg 338,179,410,355,2
VOC2007/JPEGImages/0001994.jpg 169,189,260,365,0 405,226,553,505,2
VOC2007/JPEGImages/000497.jpg 209,307,342,646,1
VOC2007/JPEGImages/000706.jpg 315,165,363,294,2
VOC2007/JPEGImages/000612.jpg 315,191,385,368,1 1,297,96,640,1
VOC2007/JPEGImages/000207.jpg 107,424,367,1144,1 43,314,167,634,1 263,288,367,518,1 400,241,483,414,1 863,251,910,388,1 827,254,893,411,1
VOC2007/JPEGImages/000664.jpg 386,154,421,236,3 305,159,346,274,2
VOC2007/JPEGImages/0002229.jpg 842,28,952,352,0
VOC2007/JPEGImages/000860.jpg 160,182,216,348,0 118,171,156,278,2 107,149,119,177,1
VOC2007/JPEGImages/0001033.jpg 344,169,388,304,2 286,164,320,256,1 177,170,214,290,1
VOC2007/JPEGImages/000466.jpg 459,274,576,576,1
VOC2007/JPEGImages/0001038.jpg 343,170,380,287,2 213,165,241,265,1
VOC2007/JPEGImages/0002093.jpg 393,3,498,257,0 1017,177,1205,571,0
VOC2007/JPEGImages/000601.jpg 306,176,345,289,1
VOC2007/JPEGImages/0002313.jpg 673,175,789,526,0 293,157,377,373,0 358,189,475,447,0
